t,y1,y2,H
0,0.4,0,-0.5
0.03,0.39719922220882,0.0597903803305113,-0.5
0.06,0.388903455895142,0.118760472723809,-0.5
0.09,0.37541679073975,0.176158536358155,-0.5
0.12,0.357198894562018,0.231354867922322,-0.5
0.15,0.334808865918002,0.283871214489558,-0.5
0.18,0.308848534199573,0.333385476329643,-0.5
0.21,0.279915307443499,0.379717509400298,-0.5
0.24,0.248569120932052,0.422804311600634,-0.499999999999999
0.27,0.215313347320438,0.462672002470402,-0.5
0.3,0.180586908618542,0.499409569663021,-0.5
0.33,0.144764086419719,0.533146871882494,-0.5
0.36,0.108158900931827,0.564037581698623,-0.5
0.39,0.0710317264762097,0.592246722264918,-0.5
0.42,0.0335966136500657,0.617942012434884,-0.5
0.45,-0.00397157646233785,0.641288149971603,-0.5
0.48,-0.0415306817494753,0.662443250466338,-0.5
0.51,-0.0789655731191237,0.681556808218379,-0.5
0.54,-0.11618333670715,0.698768696907901,-0.5
0.57,-0.153109246799637,0.714208858243147,-0.5
0.6,-0.189683437026289,0.727997429533301,-0.5
0.63,-0.225858168272005,0.740245138059667,-0.5
0.66,-0.261595596013413,0.751053845761554,-0.5
0.69,-0.29686595007505,0.760517167052178,-0.5
0.72,-0.331646052041571,0.768721109837591,-0.5
0.75,-0.365918107649704,0.775744708438311,-0.5
0.78,-0.399668722440465,0.781660629668855,-0.5
0.81,-0.432888098425155,0.786535741674302,-0.5
0.84,-0.465569377477009,0.790431640576554,-0.5
0.87,-0.497708103725696,0.79340513347153,-0.5
0.9,-0.529301782584815,0.795508678482999,-0.5
0.93,-0.56034951837418,0.79679078385994,-0.5
0.96,-0.59085171598775,0.797296368802968,-0.5
0.99,-0.620809834860938,0.797067089025888,-0.5
1.02,-0.650226185740164,0.79614163013864,-0.5
1.05,-0.679103762561927,0.794555971870205,-0.5
1.08,-0.707446103197342,0.792343625995824,-0.5
1.11,-0.735257173982505,0.78953585063252,-0.5
1.14,-0.762541273892536,0.786161843346428,-0.5
1.17,-0.789302954973379,0.782248915291406,-0.5
1.2,-0.815546956256812,0.777822648380765,-0.5
1.23,-0.841278148879457,0.772907037288676,-0.5
1.26,-0.866501490528961,0.767524617887763,-0.5
1.29,-0.89122198766809,0.761696583555868,-0.5
1.32,-0.91544466425495,0.755442890628044,-0.5
1.35,-0.939174535896347,0.748782354128911,-0.5
1.38,-0.96241658855087,0.741732734794511,-0.5
1.41,-0.985175761045891,0.734310818280727,-0.5
1.44,-1.00745693079446,0.726532487355708,-0.5
1.47,-1.02926490219861,0.718412787785524,-0.5
1.5,-1.05060439730893,0.709965988544097,-0.5
1.53,-1.07148004837949,0.701205636909361,-0.5
1.56,-1.09189639201463,0.692144608946453,-0.5
1.59,-1.11185786465228,0.682795155824661,-0.5
1.62,-1.13136879916844,0.673168946367029,-0.5
1.65,-1.150433422421,0.663277106189209,-0.5
1.68,-1.16905585357944,0.653130253746649,-0.5
1.71,-1.18724010311037,0.642738533575998,-0.5
1.74,-1.20499007230877,0.632111646987173,-0.5
1.77,-1.22230955328195,0.621258880436376,-0.5
1.8,-1.2392022293069,0.610189131787133,-0.5
1.83,-1.25567167549404,0.598910934645764,-0.5
1.86,-1.27172135970052,0.587432480939312,-0.5
1.89,-1.28735464364463,0.575761641887575,-0.5
1.92,-1.30257478418038,0.56390598750625,-0.5
1.95,-1.31738493469743,0.55187280476515,-0.5
1.98,-1.33178814661695,0.539669114513792,-0.5
2.01,-1.34578737095816,0.527301687276167,-0.5
2.04,-1.35938545995474,0.514777058007181,-0.5
2.07,-1.37258516870284,0.502101539894817,-0.5
2.1,-1.38538915682585,0.489281237284556,-0.5
2.13,-1.39779999014306,0.476322057795785,-0.5
2.16,-1.40982014233153,0.463229723693832,-0.5
2.19,-1.42145199657227,0.450009782575771,-0.5
2.22,-1.43269784717317,0.436667617423169,-0.5
2.25,-1.44355990116248,0.423208456070483,-0.5
2.28,-1.45404027984784,0.409637380133769,-0.5
2.31,-1.46414102033636,0.395959333440711,-0.5
2.34,-1.47386407701262,0.382179129999667,-0.5
2.37,-1.4832113229716,0.368301461542426,-0.5
2.4,-1.49218455140453,0.354330904672674,-0.5
2.43,-1.50078547693566,0.340271927649688,-0.5
2.46,-1.509015736909,0.326128896834538,-0.5
2.49,-1.51687689262366,0.311906082824069,-0.5
2.52,-1.52437043051741,0.297607666296056,-0.5
2.55,-1.53149776329786,0.283237743587306,-0.5
2.58,-1.53826023102092,0.268800332024879,-0.5
2.61,-1.54465910211664,0.254299375029304,-0.5
2.64,-1.55069557436234,0.239738747007333,-0.5
2.67,-1.55637077580313,0.225122258050684,-0.5
2.7,-1.56168576562014,0.210453658456159,-0.5
2.73,-1.56664153494669,0.195736643081595,-0.5
2.76,-1.57123900763275,0.180974855551238,-0.5
2.79,-1.57547904095803,0.16617189232338,-0.5
2.82,-1.5793624262941,0.151331306632373,-0.5
2.85,-1.58288988971596,0.13645661231653,-0.5
2.88,-1.58606209256338,0.121551287542833,-0.5
2.91,-1.58887963195249,0.106618778438896,-0.5
2.94,-1.59134304123796,0.0916625026421266,-0.5
2.97,-1.59345279042607,0.0766858527757008,-0.5
3,-1.59520928653911,0.0616921998605461,-0.5
3.03,-1.59661287393135,0.0466848966722751,-0.5
3.06,-1.59766383455681,0.0316672810517258,-0.5
3.09,-1.59836238818921,0.0166426791775545,-0.5
3.12,-1.5987086925942,0.00161440880914892,-0.5
3.15,-1.59870284365403,-0.0134142174920095,-0.5
3.18,-1.59834487544487,-0.0284398891545063,-0.5
3.21,-1.59763476026685,-0.0434592943947127,-0.5
3.24,-1.59657240862682,-0.0584691170121253,-0.5
3.27,-1.59515766917391,-0.0734660331743781,-0.5
3.3,-1.59339032858784,-0.0884467081839325,-0.5
3.33,-1.59127011141999,-0.103407793218368,-0.5
3.36,-1.58879667988694,-0.118345922036075,-0.5
3.39,-1.58596963361667,-0.133257707638987,-0.5
3.42,-1.5827885093469,-0.148139738883801,-0.5
3.45,-1.57925278057571,-0.162988577032885,-0.5
3.48,-1.57536185716397,-0.177800752235784,-0.5
3.51,-1.57111508488953,-0.19257275993193,-0.5
3.54,-1.56651174495276,-0.207301057164753,-0.5
3.57,-1.56155105343335,-0.221982058796996,-0.5
3.6,-1.55623216069791,-0.236612133616531,-0.5
3.63,-1.55055415075831,-0.251187600321459,-0.5
3.66,-1.54451604058029,-0.265704723372652,-0.5
3.69,-1.53811677934236,-0.28015970870126,-0.5
3.72,-1.53135524764451,-0.294548699257944,-0.5
3.75,-1.52423025666692,-0.308867770389795,-0.5
3.78,-1.51674054727823,-0.32311292503,-0.5
3.81,-1.50888478909376,-0.337280088684314,-0.5
3.84,-1.5006615794834,-0.351365104197328,-0.5
3.87,-1.49206944252979,-0.365363726280296,-0.5
3.9,-1.48310682793695,-0.37927161578098,-0.5
3.93,-1.47377210989005,-0.393084333674517,-0.5
3.96,-1.46406358586717,-0.406797334752709,-0.5
3.99,-1.4539794754042,-0.420405960987373,-0.5
4.02,-1.44351791881431,-0.433905434541468,-0.5
4.05,-1.43267697586379,-0.447290850399567,-0.5
4.08,-1.42145462440677,-0.460557168586907,-0.5
4.11,-1.40984875898148,-0.473699205943657,-0.5
4.14,-1.39785718937182,-0.48671162741819,-0.5
4.17,-1.38547763913828,-0.499588936840003,-0.5
4.2,-1.37270774412364,-0.512325467129445,-0.5
4.23,-1.35954505093954,-0.524915369897569,-0.5
4.26,-1.34598701544144,-0.537352604385181,-0.5
4.29,-1.33203100120085,-0.549630925685446,-0.5
4.32,-1.31767427798533,-0.561743872189186,-0.5
4.35,-1.30291402025898,-0.573684752186236,-0.5
4.38,-1.28774730571794,-0.585446629549783,-0.5
4.41,-1.27217111387864,-0.597022308423462,-0.5
4.44,-1.25618232473929,-0.608404316823065,-0.5
4.47,-1.23977771753883,-0.619584889055826,-0.5
4.5,-1.22295396964206,-0.630555946850398,-0.5
4.53,-1.20570765558446,-0.641309079079606,-0.5
4.56,-1.18803524631611,-0.651835519945742,-0.5
4.59,-1.16993310869132,-0.662126125484386,-0.5
4.62,-1.15139750525845,-0.672171348227309,-0.5
4.65,-1.1324245944141,-0.681961209847715,-0.5
4.68,-1.11301043099717,-0.691485271591632,-0.5
4.71,-1.09315096741175,-0.700732602277487,-0.5
4.74,-1.07284205538331,-0.709691743621318,-0.5
4.77,-1.05207944847173,-0.718350672617478,-0.5
4.8,-1.03085880548654,-0.726696760673569,-0.5
4.83,-1.00917569497638,-0.734716729163218,-0.5
4.86,-0.987025600995827,-0.742396601020748,-0.5
4.89,-0.964403930390281,-0.749721647957046,-0.5
4.92,-0.941306021884223,-0.756676332825442,-0.5
4.95,-0.917727157311666,-0.763244246609321,-0.5
4.98,-0.893662575391831,-0.769408039438715,-0.5
5.01,-0.869107488530213,-0.775149344970247,-0.5
5.04,-0.844057103218275,-0.780448697382549,-0.5
5.07,-0.818506644717308,-0.785285440146494,-0.5
5.1,-0.792451386848049,-0.789637625625122,-0.5
5.13,-0.765886687872741,-0.793481904440781,-0.5
5.16,-0.738808033657214,-0.79679340341563,-0.5
5.19,-0.711211089545552,-0.799545590745212,-0.5
5.22,-0.683091762679543,-0.801710126902675,-0.5
5.25,-0.65444627686238,-0.803256699593196,-0.5
5.28,-0.625271262517429,-0.804152840885106,-0.5
5.31,-0.595563864848917,-0.804363724438441,-0.5
5.34,-0.565321873997988,-0.803851940537739,-0.5
5.37,-0.534543881837277,-0.802577246422166,-0.5
5.4,-0.503229471100854,-0.800496289206082,-0.5
5.43,-0.471379443855324,-0.797562298518629,-0.5
5.46,-0.438996097946206,-0.793724745895565,-0.5
5.49,-0.406083562081098,-0.788928967981758,-0.5
5.52,-0.372648202735974,-0.783115750826016,-0.5
5.55,-0.338699119212955,-0.776220873086956,-0.5
5.58,-0.304248747080248,-0.768174606991051,-0.5
5.61,-0.269313595053429,-0.758901177644758,-0.5
5.64,-0.233915146314706,-0.748318184172431,-0.5
5.67,-0.198080962496442,-0.736335990670597,-0.5
5.7,-0.161846037225716,-0.722857101918334,-0.5
5.73,-0.125254456281114,-0.707775549282559,-0.5
5.76,-0.0883614328590773,-0.690976327890734,-0.5
5.79,-0.0512357985243317,-0.672334949113725,-0.5
5.82,-0.0139630415972765,-0.651717205685557,-0.5
5.85,0.0233510080536863,-0.628979294239363,-0.5
5.88,0.0605757512571544,-0.603968506296023,-0.5
5.91,0.097550574158395,-0.576524788623851,-0.5
5.94,0.134078768194111,-0.54648359071783,-0.5
5.97,0.169920717024405,-0.513680558974507,-0.5
6,0.204786667644877,-0.477958789326598,-0.5
6.03,0.238329760439921,-0.439179472518336,-0.5
6.06,0.270140534263104,-0.397236774513538,-0.5
6.09,0.299744853855156,-0.352077540410295,-0.5
6.12,0.326608032848408,-0.303725678663023,-0.5
6.15,0.350148552625449,-0.252309646677004,-0.5
6.18,0.369764633516206,-0.198089251357576,-0.5
6.21,0.384875225262743,-0.141475397410765,-0.5
6.24,0.394973197747451,-0.0830346216282835,-0.5
6.27,0.399683110691334,-0.0234710232570206,-0.5
6.3,0.398811081590596,0.0364170982467814,-0.5
6.33,0.392373207364696,0.0958006626549712,-0.5
6.36,0.380593800009576,0.153890378992612,-0.5
6.39,0.363873918612059,0.209998556176837,-0.5
6.42,0.342739669657104,0.263579827803895,-0.5
6.45,0.317784021362118,0.314246382768959,-0.5
6.48,0.289614324076902,0.36176106571461,-0.5
6.51,0.258812646082432,0.406016054672137,-0.5
6.54,0.225910672264601,0.447005268244297,-0.5
6.57,0.191377297192399,0.484796681805316,-0.5
6.6,0.155615527648384,0.519508112903688,-0.5
6.63,0.118965283033257,0.551287867973967,-0.5
6.66,0.0817093663928714,0.580300268580259,-0.5
6.69,0.0440807210903513,0.606715398316591,-0.5
6.72,0.00626981473339923,0.630702195299323,-0.5
6.75,-0.03156847885968,0.652424046118444,-0.5
6.78,-0.0693087840447033,0.672036171262186,-0.5
6.81,-0.106849993402633,0.689684249276302,-0.5
6.84,-0.14411087197819,0.705503870164339,-0.5
6.87,-0.181026412021721,0.719620525020892,-0.5
6.9,-0.217544836268786,0.732149927718912,-0.5
6.93,-0.253625147705882,0.743198529506423,-0.5
6.96,-0.289235132439388,0.752864133673063,-0.5
6.99,-0.324349734347786,0.761236549750327,-0.5
7.02,-0.358949732795537,0.768398248882588,-0.5
7.05,-0.393020666426781,0.774424997010465,-0.5
7.08,-0.426551956365604,0.779386452519143,-0.5
7.11,-0.45953619089019,0.783346721578737,-0.5
7.14,-0.491968540899113,0.786364868636851,-0.5
7.17,-0.523846281419268,0.788495382175676,-0.5
7.2,-0.555168399213042,0.78978859744143,-0.5
7.23,-0.58593527041775,0.790291078750443,-0.5
7.26,-0.616148395263633,0.790045964417336,-0.5
7.29,-0.645810179413428,0.789093277500683,-0.5
7.32,-0.674923753467708,0.787470205530533,-0.5
7.35,-0.703492823784889,0.785211352243626,-0.5
7.38,-0.731521549052753,0.782348964154276,-0.5
7.41,-0.759014438083708,0.778913134563064,-0.5
7.44,-0.785976265139767,0.774931987371724,-0.5
7.47,-0.812411999766091,0.77043184284301,-0.5
7.5,-0.838326748656154,0.765437367226324,-0.5
7.53,-0.863725707512812,0.759971707967159,-0.5
7.56,-0.888614121228156,0.754056616032844,-0.5
7.59,-0.912997250997207,0.747712556718883,-0.5
7.62,-0.936880347219135,0.740958810149033,-0.5
7.65,-0.960268627235155,0.733813562547035,-0.5
7.68,-0.983167257112623,0.726293989237577,-0.5
7.71,-1.0055813368169,0.718416330227142,-0.5
7.74,-1.02751588822145,0.710195959120703,-0.5
7.77,-1.04897584549665,0.701647446046364,-0.5
7.8,-1.06996604749239,0.692784615185962,-0.5
7.83,-1.09049123179164,0.683620597444116,-0.5
7.86,-1.11055603016352,0.674167878730296,-0.5
7.89,-1.13016496518764,0.664438344277333,-0.5
7.92,-1.14932244785723,0.654443319374514,-0.5
7.95,-1.16803277599901,0.644193606853377,-0.5
7.98,-1.18630013337256,0.633699521628842,-0.5
8.01,-1.20412858933347,0.622970922566946,-0.5
8.04,-1.22152209896246,0.612017241922544,-0.5
8.07,-1.23848450357744,0.600847512565634,-0.5
8.1,-1.2550195315584,0.589470393192987,-0.5
8.13,-1.27113079942583,0.577894191702198,-0.5
8.16,-1.28682181312213,0.566126886887887,-0.5
8.19,-1.30209596945365,0.55417614860426,-0.5
8.22,-1.31695655765719,0.542049356524372,-0.5
8.25,-1.3314067610604,0.529753617614091,-0.5
8.28,-1.34544965881043,0.517295782427673,-0.5
8.31,-1.35908822764901,0.504682460321971,-0.5
8.34,-1.37232534371562,0.491920033677396,-0.5
8.37,-1.38516378436328,0.479014671205793,-0.5
8.4,-1.39760622997416,0.465972340418246,-0.5
8.43,-1.40965526576402,0.452798819319346,-0.5
8.46,-1.42131338356655,0.439499707388719,-0.5
8.49,-1.43258298359003,0.426080435905324,-0.5
8.52,-1.44346637614028,0.412546277665384,-0.5
8.55,-1.45396578330464,0.398902356140494,-0.5
8.58,-1.46408334059298,0.385153654118667,-0.5
8.61,-1.47382109853236,0.37130502186755,-0.5
8.64,-1.48318102421277,0.357361184855941,-0.5
8.67,-1.4921650027817,0.343326751066844,-0.5
8.7,-1.50077483888629,0.329206217932747,-0.5
8.73,-1.50901225806147,0.315003978921451,-0.5
8.76,-1.5168789080637,0.300724329798643,-0.5
8.79,-1.52437636014941,0.28637147459149,-0.5
8.82,-1.53150611029809,0.271949531275759,-0.5
8.85,-1.53826958037976,0.257462537207389,-0.5
8.88,-1.54466811926705,0.242914454317973,-0.5
8.91,-1.55070300389186,0.22830917409231,-0.5
8.94,-1.55637544024714,0.213650522344977,-0.5
8.97,-1.56168656433392,0.198942263811792,-0.5
9,-1.56663744305419,0.18418810657104,-0.5
9.03,-1.57122907505009,0.169391706308456,-0.5
9.06,-1.57546239148981,0.154556670439138,-0.5
9.09,-1.57933825680078,0.139686562098829,-0.5
9.12,-1.58285746935081,0.124784904016356,-0.5
9.15,-1.58602076207743,0.109855182278402,-0.5
9.18,-1.58882880306624,0.0949008499972697,-0.5
9.21,-1.59128219607856,0.0799253308918192,-0.5
9.24,-1.59338148102897,0.0649320227913169,-0.5
9.27,-1.59512713441317,0.0499243010715918,-0.5
9.3,-1.5965195696866,0.0349055220325484,-0.5
9.33,-1.59755913759416,0.0198790262258133,-0.5
9.36,-1.59824612645143,0.0048481417410548,-0.5
9.39,-1.5985807623778,-0.0101838125406814,-0.5
9.42,-1.59856320948156,-0.025213523718435,-0.5
9.45,-1.59819356999747,-0.0402376816595219,-0.5
9.48,-1.5974718843768,-0.0552529757964681,-0.5
9.51,-1.59639813133018,-0.0702560919247393,-0.5
9.54,-1.59497222782326,-0.0852437089933301,-0.5
9.57,-1.59319402902527,-0.100212495880245,-0.5
9.6,-1.5910633282107,-0.11515910814484,-0.5
9.63,-1.58857985661392,-0.130080184748877,-0.5
9.66,-1.58574328323679,-0.14497234473803,-0.5
9.69,-1.58255321460932,-0.159832183875363,-0.5
9.72,-1.57900919450313,-0.174656271218114,-0.5
9.75,-1.57511070359775,-0.189441145628825,-0.5
9.78,-1.57085715909955,-0.204183312211586,-0.5
9.81,-1.56624791431333,-0.218879238663769,-0.5
9.84,-1.56128225816612,-0.233525351533255,-0.5
9.87,-1.55595941468346,-0.248118032370694,-0.5
9.9,-1.55027854241762,-0.26265361376582,-0.5
9.93,-1.54423873382791,-0.277128375256289,-0.5
9.96,-1.53783901461291,-0.291538539096857,-0.5
9.99,-1.53107834299454,-0.30588026587604,-0.5
10.02,-1.52395560895387,-0.320149649966586,-0.5
10.05,-1.51646963341902,-0.334342714795264,-0.5
10.08,-1.50861916740493,-0.348455407916513,-0.5
10.11,-1.50040289110555,-0.362483595873451,-0.5
10.14,-1.49181941293871,-0.376423058828614,-0.5
10.17,-1.48286726854417,-0.390269484945507,-0.5
10.2,-1.47354491973583,-0.404018464500688,-0.5
10.23,-1.46385075340873,-0.417665483704569,-0.5
10.26,-1.4537830804025,-0.431205918207425,-0.5
10.29,-1.4433401343225,-0.444635026265296,-0.5
10.32,-1.43252007032095,-0.457947941538373,-0.5
10.35,-1.42132096384022,-0.471139665492294,-0.5
10.38,-1.40974080932148,-0.484205059370238,-0.5
10.41,-1.39777751888226,-0.497138835701056,-0.5
10.44,-1.38542892096727,-0.509935549305615,-0.5
10.47,-1.37269275897775,-0.52258958776029,-0.5
10.5,-1.35956668988557,-0.535095161272817,-0.5
10.53,-1.34604828283959,-0.547446291921741,-0.5
10.56,-1.33213501777298,-0.559636802206181,-0.5
10.59,-1.31782428402211,-0.571660302847696,-0.5
10.62,-1.30311337896908,-0.583510179780552,-0.5
10.65,-1.28799950672269,-0.595179580260592,-0.5
10.68,-1.27247977685467,-0.606661398016147,-0.5
10.71,-1.25655120321137,-0.617948257356894,-0.5
10.74,-1.24021070282456,-0.629032496148217,-0.5
10.77,-1.22345509494874,-0.639906147549264,-0.5
10.8,-1.20628110025774,-0.6505609204025,-0.5
10.83,-1.18868534023841,-0.660988178150944,-0.5
10.86,-1.17066433682622,-0.671178916146258,-0.5
10.89,-1.15221451233504,-0.681123737196342,-0.5
10.92,-1.13333218974262,-0.690812825184776,-0.5
10.95,-1.11401359340389,-0.700235916576218,-0.5
10.98,-1.09425485027676,-0.709382269601317,-0.5
11.01,-1.07405199176015,-0.71824063089169,-0.5
11.04,-1.05340095626129,-0.726799199309601,-0.5
11.07,-1.03229759263041,-0.735045586687758,-0.5
11.1,-1.01073766462532,-0.742966775161827,-0.5
11.13,-0.988716856598086,-0.750549070741162,-0.5
11.16,-0.966230780630547,-0.757778052721436,-0.5
11.19,-0.943274985387281,-0.764638518495657,-0.5
11.22,-0.919844967004371,-0.771114423266752,-0.5
11.25,-0.895936182391896,-0.777188814104713,-0.5
11.28,-0.871544065399635,-0.782843757723336,-0.5
11.31,-0.846664046381581,-0.788060261274889,-0.5
11.34,-0.821291575798629,-0.792818185374599,-0.5
11.37,-0.795422152624247,-0.797096148469481,-0.5
11.4,-0.769051358469931,-0.800871421556698,-0.5
11.43,-0.742174898531788,-0.80411981213416,-0.5
11.46,-0.714788650684323,-0.806815536129467,-0.5
11.49,-0.686888724321761,-0.808931076401859,-0.5
11.52,-0.658471530882845,-0.81043702624518,-0.5
11.55,-0.629533868406723,-0.811301916138587,-0.5
11.58,-0.600073022973741,-0.811492021797445,-0.5
11.61,-0.570086890508993,-0.8109711513734,-0.5
11.64,-0.539574123197315,-0.809700409446542,-0.5
11.67,-0.508534305712861,-0.807637935255245,-0.5
11.7,-0.476968167650143,-0.804738612438682,-0.5
11.73,-0.44487784001404,-0.80095374745128,-0.5
11.76,-0.412267165455138,-0.796230713790593,-0.5
11.79,-0.379142074212443,-0.790512559325298,-0.5
11.82,-0.34551104055608,-0.783737574415295,-0.5
11.85,-0.311385638038515,-0.775838819325676,-0.5
11.88,-0.276781216216984,-0.766743610863147,-0.5
11.91,-0.241717726874609,-0.756372970519363,-0.5
11.94,-0.206220734323813,-0.744641040145521,-0.5
11.97,-0.170322652286356,-0.731454476965607,-0.5
12,-0.134064259203081,-0.716711848509669,-0.5
12.03,-0.09749655455738,-0.700303061160648,-0.5
12.06,-0.0606830304747505,-0.682108875345232,-0.5
12.09,-0.0237024443992153,-0.662000588542311,-0.5
12.12,0.0133478122320041,-0.639840007642185,-0.5
12.15,0.0503476520183066,-0.615479889017524,-0.5
12.18,0.0871494511042812,-0.588765102731323,-0.5
12.21,0.123572384450607,-0.559534880795185,-0.5
12.24,0.15939597880751,-0.527626639249697,-0.5
12.27,0.194353091895627,-0.492882012264682,-0.5
12.3,0.228122812866802,-0.455155876822123,-0.5
12.33,0.260324230777692,-0.414329217398838,-0.5
12.36,0.290512662048641,-0.370326564898874,-0.5
12.39,0.318180725537116,-0.323138257636008,-0.5
12.42,0.342767414966071,-0.272846682606534,-0.5
12.45,0.363678604569021,-0.219653794686716,-0.5
12.48,0.380321529818823,-0.163904723150901,-0.5
12.51,0.392152982584355,-0.106099947033587,-0.5
12.54,0.398736150622323,-0.0468879104117477,-0.5
12.57,0.399795575627835,0.0129672105966597,-0.5
12.6,0.395256535334207,0.0726411585115638,-0.5
12.63,0.385257227663559,0.131318898401685,-0.5
12.66,0.370129780833939,0.188262231684085,-0.5
12.69,0.350355871784365,0.242861006073522,-0.5
12.72,0.326509541013917,0.294659670614267,-0.5
12.75,0.29920076204793,0.343359330234652,-0.5
12.78,0.269029415144313,0.3888015990779,-0.5
12.81,0.236553700771795,0.430942660120662,-0.5
12.84,0.202272466802128,0.469824812237764,-0.5
12.87,0.166618487472606,0.505550253708962,-0.5
12.9,0.129959134668359,0.538259380181516,-0.5
12.93,0.0926013393829483,0.568114126429319,-0.5
12.96,0.0547985704922797,0.595285912348863,-0.5
12.99,0.0167583630662571,0.619947360114231,-0.5
13.02,-0.0213504465460823,0.64226689384468,-0.5
13.05,-0.0593911959078416,0.662405437179803,-0.5
13.08,-0.097253736026169,0.680514580397398,-0.5
13.11,-0.13484964108057,0.696735743014306,-0.5
13.14,-0.172108219678797,0.711199988394299,-0.5
13.17,-0.208973228368591,0.724028248793653,-0.5
13.2,-0.245400181879555,0.735331794975225,-0.5
13.23,-0.281354160633907,0.745212838942909,-0.5
13.26,-0.316808027461671,0.753765196569597,-0.5
13.29,-0.351740978358629,0.761074963258979,-0.5
13.32,-0.386137364591572,0.767221173698365,-0.5
13.35,-0.419985734616946,0.772276428761909,-0.5
13.38,-0.453278053851142,0.776307480541623,-0.5
13.41,-0.48600906832612,0.779375771611802,-0.5
13.44,-0.518175784831132,0.781537927873599,-0.5
13.47,-0.549777045477044,0.782846206303003,-0.5
13.5,-0.580813178925198,0.783348900063838,-0.5
13.53,-0.611285713982175,0.783090704037429,-0.5
13.56,-0.64119714403516,0.782113044058278,-0.5
13.59,-0.670550733023694,0.78045437316196,-0.5
13.62,-0.699350355422639,0.778150438035178,-0.5
13.65,-0.727600364137113,0.775234518666339,-0.5
13.68,-0.755305481354691,0.771737643965752,-0.5
13.71,-0.782470708320352,0.767688785881698,-0.5
13.74,-0.809101250740936,0.763115034297159,-0.5
13.77,-0.835202457124389,0.75804175476079,-0.5
13.8,-0.860779767843402,0.752492730889738,-0.5
13.83,-0.885838673105984,0.746490293083519,-0.5
13.86,-0.910384678335025,0.740055435008018,-0.5
13.89,-0.934423275719438,0.733207919146525,-0.5
13.92,-0.957959920912371,0.725966372569595,-0.5
13.95,-0.981000014026482,0.718348373946308,-0.5
13.98,-1.00354888421954,0.710370532704684,-0.5
14.01,-1.02561177728164,0.702048561147366,-0.5
14.04,-1.04719384573265,0.693397340238687,-0.5
14.07,-1.06830014101917,0.68443097969978,-0.5
14.1,-1.08893560746692,0.675162872978115,-0.5
14.13,-1.10910507770014,0.665605747595868,-0.5
14.16,-1.12881326928554,0.655771711326713,-0.5
14.19,-1.14806478239724,0.645672294602224,-0.5
14.22,-1.16686409833094,0.635318489506278,-0.5
14.25,-1.18521557872292,0.62472078567801,-0.5
14.28,-1.20312346535181,0.613889203410302,-0.5
14.31,-1.22059188042024,0.602833324201146,-0.5
14.34,-1.23762482722948,0.59156231898883,-0.5
14.37,-1.25422619117369,0.580084974278526,-0.5
14.4,-1.27039974099149,0.568409716347079,-0.5
14.43,-1.28614913022284,0.556544633694273,-0.5
14.46,-1.3014778988265,0.544497497892413,-0.5
14.49,-1.31638947492106,0.532275782971332,-0.5
14.52,-1.33088717661774,0.519886683462854,-0.5
14.55,-1.34497421391849,0.507337131217004,-0.5
14.58,-1.3586536906571,0.49463381109177,-0.5
14.61,-1.37192860646427,0.481783175608843,-0.5
14.64,-1.38480185874122,0.468791458659321,-0.5
14.67,-1.39727624462847,0.455664688335825,-0.5
14.7,-1.4093544629588,0.442408698960658,-0.5
14.73,-1.42103911618552,0.429029142373529,-0.5
14.76,-1.43233271227829,0.415531498536896,-0.5
14.79,-1.44323766658055,0.401921085511952,-0.5
14.82,-1.45375630362337,0.388203068853878,-0.5
14.85,-1.4638908588919,0.374382470470875,-0.5
14.88,-1.47364348054102,0.360464176987896,-0.5
14.91,-1.48301623105784,0.346452947652625,-0.5
14.94,-1.49201108886903,0.332353421818332,-0.5
14.97,-1.50062994989159,0.318170126035442,-0.5
15,-1.50887462902611,0.303907480781269,-0.5
15.03,-1.51674686159175,0.289569806855072,-0.5
15.06,-1.5242483047027,0.275161331463613,-0.5
15.09,-1.53138053858588,0.260686194020538,-0.5
15.12,-1.53814506784001,0.246148451681209,-0.5
15.15,-1.5445433226363,0.231552084633149,-0.5
15.18,-1.55057665986097,0.216901001160831,-0.5
15.21,-1.55624636420025,0.202199042502321,-0.5
15.24,-1.56155364916826,0.187449987514126,-0.5
15.27,-1.56649965807836,0.172657557159582,-0.5
15.3,-1.57108546495869,0.157825418835175,-0.5
15.33,-1.57531207541242,0.142957190548317,-0.5
15.36,-1.57918042742348,0.128056444959369,-0.5
15.39,-1.58269139210844,0.113126713299973,-0.5
15.42,-1.58584577441509,0.0981714891791528,-0.5
15.45,-1.58864431376855,0.0831942322880632,-0.5
15.48,-1.5910876846654,0.0681983720137861,-0.5
15.51,-1.59317649721645,0.0531873109721042,-0.5
15.54,-1.59491129763887,0.0381644284687986,-0.5
15.57,-1.59629256869805,0.02313308389867,-0.5
15.6,-1.5973207300998,0.00809662009117729,-0.5
15.63,-1.59799613883334,-0.00694163338866408,-0.5
15.66,-1.59831908946562,-0.021978356975699,-0.5
15.69,-1.59828981438713,-0.037010237868114,-0.5
15.72,-1.59790848400986,-0.0520339668108676,-0.5
15.75,-1.59717520691748,-0.0670462348910506,-0.5
15.78,-1.59609002996818,-0.0820437303372208,-0.5
15.81,-1.59465293835034,-0.0970231353147756,-0.5
15.84,-1.59286385559124,-0.111981122709418,-0.5
15.87,-1.59072264351898,-0.126914352890717,-0.5
15.9,-1.58822910217778,-0.141819470447682,-0.5
15.93,-1.58538296969664,-0.15669310088814,-0.5
15.96,-1.58218392211163,-0.171531847293553,-0.5
15.99,-1.57863157314163,-0.186332286920689,-0.5
16.02,-1.57472547391767,-0.201090967741351,-0.5
16.05,-1.57046511266584,-0.215804404911042,-0.5
16.08,-1.56584991434377,-0.230469077157148,-0.5
16.11,-1.56087924023061,-0.245081423076812,-0.5
16.14,-1.55555238747057,-0.259637837334274,-0.5
16.17,-1.54986858856989,-0.274134666746939,-0.5
16.2,-1.54382701084738,-0.288568206248907,-0.5
16.23,-1.53742675583841,-0.302934694720113,-0.5
16.26,-1.53066685865262,-0.317230310668526,-0.5
16.29,-1.52354628728523,-0.331451167752133,-0.5
16.32,-1.51606394188235,-0.34559331012663,-0.5
16.35,-1.50821865396044,-0.359652707603805,-0.5
16.38,-1.50000918558041,-0.373625250604641,-0.5
16.41,-1.49143422847679,-0.387506744890037,-0.5
16.44,-1.48249240314278,-0.401292906050884,-0.5
16.47,-1.47318225787187,-0.414979353737861,-0.5
16.5,-1.46350226775742,-0.428561605609898,-0.5
16.53,-1.45345083365136,-0.442035070978627,-0.5
16.56,-1.4430262810838,-0.455395044124395,-0.5
16.59,-1.43222685914578,-0.468636697257465,-0.5
16.62,-1.42105073933751,-0.481755073095904,-0.5
16.65,-1.40949601438535,-0.494745077029302,-0.5
16.68,-1.39756069703122,-0.507601468834891,-0.5
16.71,-1.3852427187988,-0.520318853909751,-0.5
16.74,-1.37253992874183,-0.532891673979687,-0.5
16.77,-1.35945009218087,-0.54531419724183,-0.5
16.8,-1.34597088943572,-0.557580507894235,-0.5
16.83,-1.33209991456251,-0.569684495001449,-0.5
16.86,-1.31783467410555,-0.581619840640355,-0.5
16.89,-1.30317258587607,-0.593380007265373,-0.5
16.92,-1.28811097777231,-0.604958224226345,-0.5
16.95,-1.27264708665727,-0.61634747336599,-0.5
16.98,-1.25677805731399,-0.627540473616714,-0.5
17.01,-1.24050094150109,-0.638529664508638,-0.5
17.04,-1.22381269713549,-0.649307188491871,-0.5
17.07,-1.20671018763347,-0.659864871966235,-0.5
17.1,-1.18919018144711,-0.670194204900672,-0.5
17.13,-1.17124935183869,-0.68028631891231,-0.5
17.16,-1.15288427694366,-0.69013196366146,-0.5
17.19,-1.13409144018084,-0.69972148140348,-0.5
17.22,-1.11486723107895,-0.709044779521254,-0.5
17.25,-1.09520794660024,-0.718091300842759,-0.5
17.28,-1.07510979305623,-0.726849991526528,-0.5
17.31,-1.05456888872675,-0.73530926627354,-0.5
17.34,-1.03358126731345,-0.743456970596634,-0.5
17.37,-1.01214288238169,-0.75128033984781,-0.5
17.4,-0.990249612972346,-0.758765954669025,-0.5
17.43,-0.967897270597783,-0.76589969249299,-0.5
17.46,-0.945081607874857,-0.772666674676334,-0.5
17.49,-0.921798329094342,-0.779051208797705,-0.5
17.52,-0.898043103081506,-0.785036725597202,-0.5
17.55,-0.873811578768996,-0.790605709970083,-0.5
17.58,-0.849099403982899,-0.795739625356224,-0.5
17.61,-0.823902248038846,-0.800418830786159,-0.5
17.64,-0.798215828860814,-0.804622489753837,-0.5
17.67,-0.772035945475273,-0.808328469984295,-0.5
17.7,-0.745358516903126,-0.811513233050294,-0.5
17.73,-0.718179628678122,-0.814151712664541,-0.5
17.76,-0.690495588471805,-0.816217180332696,-0.5
17.79,-0.662302992611967,-0.817681096896464,-0.5
17.82,-0.633598805657477,-0.818512948325967,-0.5
17.85,-0.604380455653671,-0.818680063937585,-0.5
17.88,-0.574645948260145,-0.818147415020298,-0.5
17.91,-0.544394003642909,-0.816877391655979,-0.5
17.94,-0.513624220888071,-0.814829555326006,-0.5
17.97,-0.482337275765868,-0.811960364723269,-0.5
18,-0.450535159003067,-0.808222872058442,-0.5
18.03,-0.418221463872885,-0.803566387098465,-0.5
18.06,-0.385401733963915,-0.797936106258023,-0.5
18.09,-0.352083884540817,-0.791272704363218,-0.5
18.12,-0.318278714077977,-0.783511887341746,-0.5
18.15,-0.284000526473286,-0.774583905244841,-0.5
18.18,-0.249267889293555,-0.76441302693548,-0.5
18.21,-0.214104559340294,-0.752916980868316,-0.5
18.24,-0.178540614024026,-0.740006371195466,-0.5
18.27,-0.142613835622767,-0.725584085760225,-0.5
18.3,-0.106371405482661,-0.709544723531488,-0.5
18.33,-0.0698719763456205,-0.691774085296354,-0.5
18.36,-0.0331882025088598,-0.672148795193284,-0.5
18.39,0.0035901822350275,-0.650536154921699,-0.5
18.42,0.0403526432360724,-0.62679438103633,-0.5
18.45,0.0769633893872281,-0.600773443156885,-0.5
18.48,0.113256118094989,-0.572316811747574,-0.5
18.51,0.149027958839329,-0.5412645410961,-0.5
18.54,0.184032739907241,-0.507458253191707,-0.5
18.57,0.217973929078764,-0.470748734783467,-0.5
18.6,0.250497969073706,-0.431006969773838,-0.5
18.63,0.281189281291608,-0.388139413730062,-0.5
18.66,0.309568945530334,-0.342108024171702,-0.5
18.69,0.335099869861018,-0.292954773848565,-0.5
18.72,0.357201830023953,-0.240828878321442,-0.5
18.75,0.37527949216029,-0.1860127279601,-0.5
18.78,0.388764669039919,-0.12893998298317,-0.5
18.81,0.397170112076145,-0.0701976872140231,-0.5
18.84,0.400146718904559,-0.0105053621006917,-0.5
18.87,0.397531426051236,0.049330909118054,-0.5
18.9,0.389372496135681,0.10848335292082,-0.5
18.93,0.3759242299445,0.166172891178729,-0.5
18.96,0.357612548416097,0.221729191842378,-0.5
18.99,0.334981608124819,0.274628680777085,-0.5
19.02,0.308635344425644,0.324506938396296,-0.5
19.05,0.279185808642358,0.37114949496065,-0.5
19.08,0.247214885918312,0.414469015151655,-0.5
19.11,0.213250678280672,0.45447698891166,-0.5
19.14,0.177756398567999,0.491255907866207,-0.5
19.17,0.141128275832388,0.524935259324122,-0.5
19.2,0.103699058553019,0.555672546466441,-0.5
19.23,0.0657444391382157,0.583639232710501,-0.5
19.26,0.0274905787957881,0.609010885075598,-0.5
19.29,-0.0108783678116162,0.631960611985667,-0.5
19.32,-0.0492133123721637,0.65265494342906,-0.5
19.35,-0.0873941295018632,0.67125144647304,-0.5
19.38,-0.125324447828255,0.687897530904307,-0.5
19.41,-0.162927290222925,0.702730044101688,-0.5
19.44,-0.200141470922281,0.715875370198539,-0.5
19.47,-0.236918642492734,0.72744983626463,-0.5
19.5,-0.273220887743337,0.737560291995216,-0.5
19.53,-0.309018761743265,0.746304774527881,-0.5
19.56,-0.344289701999608,0.753773201321415,-0.5
19.59,-0.379016737935093,0.760048055405987,-0.5
19.62,-0.413187442813931,0.765205041691726,-0.5
19.65,-0.446793081708934,0.769313702549862,-0.5
19.68,-0.479827917901424,0.772437987084848,-0.5
19.71,-0.512288647368856,0.774636772467198,-0.5
19.74,-0.544173936933978,0.77596433813523,-0.5
19.77,-0.575484046432584,0.776470795107044,-0.5
19.8,-0.606220519102395,0.776202473417481,-0.5
19.83,-0.636385927477846,0.775202271042187,-0.5
19.86,-0.665983664542532,0.773509967749369,-0.5
19.89,-0.695017771864947,0.771162507234154,-0.5
19.92,-0.723492798023302,0.768194250709919,-0.5
19.95,-0.751413681891641,0.764637204900749,-0.5
19.98,-0.778785656376001,0.760521227128404,-0.5
20.01,-0.805614169006895,0.755874209933936,-0.5
20.04,-0.831904816453275,0.750722247429478,-0.5
20.07,-0.857663290555353,0.745089785345844,-0.5
20.1,-0.882895333904626,0.738999756529653,-0.5
20.13,-0.907606703349256,0.732473703450787,-0.5
20.16,-0.931803140087639,0.725531889107089,-0.5
20.19,-0.955490345245231,0.718193397557471,-0.5
20.22,-0.978673960019617,0.710476225175786,-0.5
20.25,-1.00135954963453,0.702397363594578,-0.5
20.28,-1.02355259047151,0.693972875198612,-0.5
20.31,-1.0452584598533,0.685217961931555,-0.5
20.34,-1.06648242804019,0.676147028093831,-0.5
20.37,-1.0872296520724,0.666773737734414,-0.5
20.4,-1.10750517115165,0.657111067172833,-0.5
20.43,-1.12731390330427,0.647171353128983,-0.5
20.46,-1.14666064311007,0.636966336886564,-0.5
20.49,-1.1655500603153,0.626507204870184,-0.5
20.52,-1.18398669917703,0.615804625975732,-0.5
20.55,-1.20197497841054,0.604868785957836,-0.5
20.58,-1.21951919163122,0.593709419146553,-0.5
20.61,-1.23662350820012,0.582335837737343,-0.5
20.64,-1.25329197439579,0.570756958873507,-0.5
20.67,-1.26952851484804,0.558981329718122,-0.5
20.7,-1.2853369341785,0.547017150692863,-0.5
20.73,-1.30072091880231,0.534872297043613,-0.5
20.76,-1.31568403885191,0.522554338877139,-0.5
20.79,-1.33022975019036,0.51007055979926,-0.5
20.82,-1.34436139648683,0.497427974272465,-0.5
20.85,-1.35808221133116,0.484633343799867,-0.5
20.88,-1.37139532036826,0.471693192032438,-0.5
20.91,-1.38430374343635,0.458613818887569,-0.5
20.94,-1.39681039669552,0.445401313758998,-0.5
20.97,-1.40891809473561,0.432061567891006,-0.5
21,-1.42062955265427,0.418600285983313,-0.5
21.03,-1.43194738809765,0.405022997087301,-0.5
21.06,-1.4428741232576,0.39133506484899,-0.5
21.09,-1.45341218682058,0.377541697149458,-0.5
21.12,-1.46356391586416,0.363647955189143,-0.5
21.15,-1.47333155769828,0.349658762058646,-0.5
21.18,-1.4827172716487,0.335578910835149,-0.5
21.21,-1.491723130781,0.321413072240433,-0.5
21.24,-1.50035112356389,0.307165801893649,-0.5
21.27,-1.5086031554709,0.292841547189376,-0.5
21.3,-1.51648105052005,0.278444653829198,-0.5
21.33,-1.52398655275132,0.26397937203289,-0.5
21.36,-1.53112132764194,0.249449862453377,-0.5
21.39,-1.53788696345965,0.234860201817879,-0.5
21.42,-1.54428497255458,0.220214388316073,-0.5
21.45,-1.55031679258999,0.205516346754649,-0.5
21.48,-1.55598378771269,0.190769933496323,-0.5
21.51,-1.56128724966372,0.175978941200191,-0.5
21.54,-1.56622839883014,0.161147103379218,-0.5
21.57,-1.57080838523861,0.146278098789656,-0.5
21.6,-1.57502828949161,0.131375555666337,-0.5
21.63,-1.57888912364721,0.116443055816931,-0.5
21.66,-1.582391832043,0.101484138587576,-0.5
21.69,-1.58553729206518,0.0865023047115885,-0.5
21.72,-1.58832631486355,0.0715010200524103,-0.5
21.75,-1.59075964601304,0.0564837192513827,-0.5
21.78,-1.59283796612277,0.0414538092904969,-0.5
21.81,-1.59456189139309,0.0264146729798285,-0.5
21.84,-1.59593197412145,0.0113696723790063,-0.5
21.87,-1.59694870315768,-0.00367784783825897,-0.5
21.9,-1.59761250430925,-0.0187245570678362,-0.5
21.93,-1.59792374069713,-0.0337671354985116,-0.5
21.96,-1.59788271306271,-0.0488022708666787,-0.5
21.99,-1.5974896600263,-0.0638266552342111,-0.5
22.02,-1.59674475829763,-0.0788369817814648,-0.5
22.05,-1.5956481228387,-0.0938299416074304,-0.5
22.08,-1.59419980697942,-0.108802220529101,-0.5
22.11,-1.59239980248628,-0.12375049587212,-0.5
22.14,-1.59024803958435,-0.138671433244744,-0.5
22.17,-1.5877443869329,-0.153561683287088,-0.5
22.2,-1.58488865155471,-0.168417878387505,-0.5
22.23,-1.58168057871945,-0.183236629357816,-0.5
22.26,-1.57811985178112,-0.198014522058923,-0.5
22.29,-1.57420609196973,-0.2127481139681,-0.5
22.32,-1.56993885813738,-0.227433930679017,-0.5
22.35,-1.56531764645876,-0.242068462325205,-0.5
22.38,-1.56034189008625,-0.256648159917354,-0.5
22.41,-1.55501095875962,-0.271169431584396,-0.5
22.44,-1.54932415837057,-0.285628638707898,-0.5
22.47,-1.54328073048206,-0.300022091938739,-0.5
22.5,-1.53687985180274,-0.314346047084531,-0.5
22.53,-1.53012063361659,-0.32859670085553,-0.5
22.56,-1.52300212116801,-0.342770186456167,-0.5
22.59,-1.51552329300279,-0.356862569008458,-0.5
22.62,-1.50768306026515,-0.370869840792784,-0.5
22.65,-1.4994802659517,-0.384787916290489,-0.5
22.68,-1.49091368412257,-0.398612627011792,-0.5
22.71,-1.48198201907093,-0.412339716091279,-0.5
22.74,-1.47268390445159,-0.425964832632039,-0.5
22.77,-1.46301790237015,-0.43948352577807,-0.5
22.8,-1.45298250243406,-0.452891238493096,-0.5
22.83,-1.44257612076756,-0.466183301022212,-0.5
22.86,-1.43179709899258,-0.479354924010963,-0.5
22.89,-1.42064370317843,-0.492401191254403,-0.5
22.92,-1.4091141227633,-0.505317052046452,-0.5
22.95,-1.39720646945142,-0.518097313097412,-0.5
22.98,-1.38491877609048,-0.530736629984755,-0.5
23.01,-1.37224899553439,-0.543229498099344,-0.5
23.04,-1.35919499949786,-0.555570243045907,-0.5
23.07,-1.34575457741008,-0.567753010452947,-0.5
23.1,-1.33192543527618,-0.579771755143235,-0.5
23.13,-1.31770519455666,-0.591620229611573,-0.5
23.16,-1.30309139107663,-0.603291971751565,-0.5
23.19,-1.28808147397898,-0.614780291767663,-0.5
23.22,-1.27267280473759,-0.626078258202678,-0.5
23.25,-1.25686265624967,-0.637178683004201,-0.5
23.28,-1.24064821202967,-0.648074105545883,-0.5
23.31,-1.22402656553045,-0.658756775511177,-0.5
23.34,-1.20699471962228,-0.669218634537858,-0.5
23.37,-1.18954958626498,-0.679451296511277,-0.5
23.4,-1.17168798641458,-0.689446026382736,-0.5
23.43,-1.15340665021276,-0.69919371737647,-0.5
23.46,-1.13470221751563,-0.708684866434249,-0.5
23.49,-1.11557123882773,-0.717909547730451,-0.5
23.52,-1.09601017671849,-0.726857384072334,-0.5
23.55,-1.07601540781169,-0.735517515979863,-0.5
23.58,-1.05558322545374,-0.743878568216656,-0.5
23.61,-1.03470984318521,-0.751928613517888,-0.5
23.64,-1.01339139916169,-0.759655133232156,-0.5
23.67,-0.991623961695601,-0.767044974561785,-0.5
23.7,-0.969403536121374,-0.774084304049429,-0.5
23.73,-0.94672607322241,-0.780758556917559,-0.5
23.76,-0.92358747950154,-0.787052381820889,-0.5
23.79,-0.89998362962828,-0.792949580519306,-0.5
23.82,-0.875910381457787,-0.798433041919694,-0.5
23.85,-0.851363594090386,-0.803484669868321,-0.5
23.88,-0.82633914952935,-0.808085304000292,-0.5
23.91,-0.800832978601603,-0.812214632868011,-0.5
23.94,-0.774841091935127,-0.815851098475591,-0.5
23.97,-0.748359616943171,-0.818971791239706,-0.5
24,-0.721384841954847,-0.821552334278575,-0.5
24.03,-0.693913268862314,-0.82356675579868,-0.5
24.06,-0.665941675935716,-0.824987348203083,-0.5
24.09,-0.637467192800586,-0.825784512385765,-0.5
24.12,-0.608487389993275,-0.825926585504139,-0.5
24.15,-0.579000386026882,-0.82537965033914,-0.5
24.18,-0.549004975536564,-0.824107324163393,-0.5
24.21,-0.518500782858332,-0.822070524850555,-0.5
24.24,-0.487488446366343,-0.819227211785435,-0.5
24.27,-0.455969840096264,-0.815532098994599,-0.5
24.3,-0.423948340674038,-0.810936337841024,-0.5
24.33,-0.391429149421675,-0.805387166659845,-0.5
24.36,-0.358419681812385,-0.798827524924054,-0.5
24.39,-0.324930039303667,-0.791195630021122,-0.5
24.42,-0.290973582116927,-0.782424515644721,-0.5
24.45,-0.256567625904898,-0.772441532381071,-0.5
24.48,-0.221734290619346,-0.761167813619989,-0.5
24.51,-0.186501536430689,-0.748517713915641,-0.5
24.54,-0.15090442940338,-0.734398233038582,-0.5
24.57,-0.114986688860026,-0.718708448168366,-0.5
24.6,-0.0788025788505295,-0.701338990347479,-0.5
24.63,-0.0424192173811973,-0.682171621364179,-0.5
24.66,-0.00591938785116195,-0.661078996253579,-0.5
24.69,0.0305950549625359,-0.637924738007378,-0.5
24.72,0.0669990916176064,-0.612564009052104,-0.5
24.75,0.103139679798354,-0.584844843179547,-0.5
24.78,0.138830097716862,-0.554610605665372,-0.5
24.81,0.173843550068226,-0.52170407841139,-0.5
24.84,0.20790627335079,-0.48597381177702,-0.5
24.87,0.240690675608394,-0.447283516177276,-0.5
24.9,0.271809509609901,-0.405525319361547,-0.5
24.93,0.300812730558383,-0.360637568645413,-0.5
24.96,0.327189479789581,-0.31262732318125,-0.5
24.99,0.350378357120883,-0.261596532154631,-0.5
25.02,0.36978933776845,-0.207768983481796,-0.5
25.05,0.384839642463143,-0.15151262319021,-0.5
25.08,0.395002888004363,-0.0933496390483096,-0.5
25.11,0.399865933644198,-0.0339463668253739,-0.5
25.14,0.399182499300217,0.025921716696836,-0.5
25.17,0.392909866202905,0.0854276772549046,-0.5
25.2,0.381217594534161,0.143763004581908,-0.5
25.23,0.364465213691199,0.200204119642527,-0.5
25.26,0.343155534665096,0.254161191552954,-0.5
25.29,0.317876579333115,0.30520180545782,-0.5
25.32,0.289245545828612,0.353050408762231,-0.5
25.35,0.25786398633335,0.397570291394112,-0.5
25.38,0.224287716629421,0.438736599835926,-0.5
25.41,0.189010558543502,0.476607518962045,-0.5
25.44,0.152458766647513,0.511298140277083,-0.5
25.47,0.114992535502326,0.54295908447648,-0.5
25.5,0.0769115192436193,0.571760258106964,-0.5
25.53,0.0384621530030837,0.597879215810676,-0.5
25.56,-0.000154628900373502,0.621493251132899,-0.5
25.59,-0.0387760692801145,0.642774311381419,-0.5
25.62,-0.0772710380214301,0.661885951248772,-0.5
25.65,-0.115534383610013,0.678981703099606,-0.5
25.68,-0.153482175034292,0.694204398442384,-0.5
25.71,-0.191047754682981,0.707686105677378,-0.5
25.74,-0.228178496518547,0.719548450118373,-0.5
25.77,-0.264833160306541,0.729903156691983,-0.5
25.8,-0.300979740470982,0.738852708881613,-0.5
25.83,-0.336593720593896,0.746491054612146,-0.5
25.86,-0.371656658099476,0.752904315244242,-0.5
25.89,-0.406155036479111,0.758171471055827,-0.5
25.92,-0.440079333759011,0.762365008040926,-0.5
25.95,-0.473423265568946,0.765551518352607,-0.5
25.98,-0.506183169192867,0.767792251524225,-0.5
26.01,-0.538357501543747,0.769143616600795,-0.5
26.04,-0.569946429318429,0.769657637104397,-0.5
26.07,-0.600951493863785,0.769382361756014,-0.5
26.1,-0.631375336712808,0.768362234360076,-0.5
26.13,-0.66122147449104,0.766638426414849,-0.5
26.16,-0.69049411408562,0.764249135967031,-0.5
26.19,-0.719198000721788,0.761229856065435,-0.5
26.22,-0.74733829299428,0.757613615940754,-0.5
26.25,-0.774920460025163,0.753431197781212,-0.5
26.28,-0.801950196822175,0.748711331709411,-0.5
26.31,-0.828433354637684,0.743480871307379,-0.5
26.34,-0.854375883713881,0.737764951792561,-0.5
26.37,-0.879783786272959,0.73158713272125,-0.5
26.4,-0.904663077994418,0.724969526889528,-0.5
26.43,-0.929019756533024,0.717932916915313,-0.5
26.46,-0.952859775884485,0.710496860817944,-0.5
26.49,-0.976189025612884,0.702679787762678,-0.5
26.52,-0.99901331412328,0.694499085005085,-0.5
26.55,-1.02133835530182,0.685971176953033,-0.5
26.58,-1.04316975795997,0.677111597160282,-0.5
26.61,-1.06451301761354,0.667935053974148,-0.5
26.64,-1.0853735102052,0.658455490478907,-0.5
26.67,-1.10575648744322,0.648686139305382,-0.5
26.7,-1.12566707348292,0.638639572814253,-0.5
26.73,-1.14511026272154,0.628327749105248,-0.5
26.76,-1.16409091851431,0.617762054255349,-0.5
26.79,-1.18261377265031,0.606953341145991,-0.5
26.82,-1.20068342545255,0.595911965200973,-0.5
26.85,-1.21830434638841,0.584647817323012,-0.5
26.88,-1.2354808750944,0.573170354286965,-0.5
26.91,-1.25221722273483,0.561488626821177,-0.5
26.94,-1.26851747362643,0.549611305584919,-0.5
26.97,-1.28438558707199,0.53754670522893,-0.5
27,-1.29982539935498,0.525302806707544,-0.5
27.03,-1.31484062585495,0.51288727799427,-0.5
27.06,-1.32943486324992,0.500307493338001,-0.5
27.09,-1.34361159177742,0.487570551183832,-0.5
27.12,-1.35737417753053,0.474683290870724,-0.5
27.15,-1.37072587476916,0.461652308207741,-0.5
27.18,-1.38366982823017,0.448483970021169,-0.5
27.21,-1.39620907542274,0.435184427756383,-0.5
27.24,-1.40834654889767,0.421759630210778,-0.5
27.27,-1.42008507848154,0.408215335467241,-0.5
27.3,-1.43142739346812,0.394557122091574,-0.5
27.33,-1.44237612476108,0.380790399651723,-0.5
27.36,-1.45293380696307,0.366920418611747,-0.5
27.39,-1.46310288040745,0.352952279648954,-0.5
27.42,-1.47288569312971,0.33889094243861,-0.5
27.45,-1.4822845027764,0.324741233946972,-0.5
27.48,-1.49130147844998,0.310507856270085,-0.5
27.51,-1.49993870248846,0.29619539405281,-0.5
27.54,-1.50819817217931,0.281808321519813,-0.5
27.57,-1.51608180140725,0.267351009147842,-0.5
27.6,-1.52359142223592,0.25282773000632,-0.5
27.63,-1.53072878642376,0.238242665791344,-0.5
27.66,-1.53749556687439,0.22359991257627,-0.5
27.69,-1.54389335902223,0.208903486300451,-0.5
27.72,-1.54992368215393,0.194157328016169,-0.5
27.75,-1.55558798066649,0.179365308912399,-0.5
27.78,-1.56088762526295,0.164531235132846,-0.5
27.81,-1.56582391408648,0.149658852404514,-0.5
27.84,-1.57039807379389,0.134751850492074,-0.5
27.87,-1.57461126056957,0.119813867492327,-0.5
27.9,-1.57846456108069,0.104848493982268,-0.5
27.93,-1.58195899337477,0.0898592770334237,-0.5
27.96,-1.58509550772052,0.0748497241045131,-0.5
27.99,-1.58787498739284,0.059823306823806,-0.5
28.02,-1.59029824940298,0.0447834646720328,-0.5
28.05,-1.59236604517464,0.0297336085761812,-0.5
28.08,-1.59407906116697,0.0146771244240778,-0.5
28.11,-1.59543791944508,-0.000382623490738516,-0.5
28.14,-1.59644317819912,-0.0154422890846888,-0.5
28.17,-1.59709533221229,-0.0304985411515056,-0.5
28.2,-1.59739481327879,-0.0455480600726508,-0.5
28.23,-1.59734199057218,-0.0605875345623994,-0.5
28.26,-1.59693717096465,-0.0756136584393565,-0.5
28.29,-1.59618059929808,-0.0906231274163126,-0.5
28.32,-1.59507245860696,-0.105612635900431,-0.5
28.35,-1.59361287029401,-0.120578873795821,-0.5
28.38,-1.59180189425872,-0.135518523300576,-0.5
28.41,-1.58963952897928,-0.150428255690322,-0.5
28.44,-1.58712571154816,-0.165304728080301,-0.5
28.47,-1.58426031766181,-0.180144580157886,-0.5
28.5,-1.58104316156463,-0.194944430877329,-0.5
28.53,-1.57747399594755,-0.209700875108359,-0.5
28.56,-1.57355251180145,-0.224410480230052,-0.5
28.59,-1.56927833822561,-0.239069782661141,-0.5
28.62,-1.56465104219146,-0.253675284317647,-0.5
28.65,-1.55967012826177,-0.268223448988386,-0.5
28.68,-1.55433503826559,-0.282710698618509,-0.5
28.71,-1.54864515092904,-0.297133409490814,-0.5
28.74,-1.54259978146231,-0.311487908294078,-0.5
28.77,-1.536198181103,-0.325770468067109,-0.5
28.8,-1.52943953661631,-0.33997730400662,-0.5
28.83,-1.52232296975223,-0.354104569126361,-0.5
28.86,-1.51484753666036,-0.368148349754175,-0.5
28.89,-1.50701222726272,-0.382104660852867,-0.5
28.92,-1.4988159645854,-0.395969441149827,-0.5
28.95,-1.4902576040496,-0.40973854805938,-0.5
28.98,-1.48133593272317,-0.423407752380733,-0.5
29.01,-1.47204966853374,-0.436972732753159,-0.5
29.04,-1.46239745944472,-0.45042906984878,-0.5
29.07,-1.45237788259593,-0.4637722402818,-0.5
29.1,-1.44198944341075,-0.476997610211467,-0.5
29.13,-1.43123057467206,-0.490100428614274,-0.5
29.16,-1.42009963556983,-0.503075820198965,-0.5
29.19,-1.40859491072357,-0.515918777935769,-0.5
29.22,-1.39671460918346,-0.528624155168968,-0.5
29.25,-1.38445686341484,-0.541186657279276,-0.5
29.28,-1.37181972827115,-0.553600832859682,-0.5
29.31,-1.3588011799619,-0.565861064365264,-0.5
29.34,-1.34539911502276,-0.577961558193984,-0.5
29.37,-1.33161134929645,-0.589896334151681,-0.5
29.4,-1.31743561693454,-0.601659214250197,-0.5
29.43,-1.30286956943171,-0.613243810782918,-0.5
29.46,-1.28791077470635,-0.624643513616785,-0.5
29.49,-1.27255671624327,-0.635851476634097,-0.5
29.52,-1.25680479231714,-0.646860603251024,-0.5
29.55,-1.24065231531834,-0.657663530932655,-0.5
29.58,-1.22409651120638,-0.668252614616518,-0.5
29.61,-1.20713451912022,-0.678619908947712,-0.5
29.64,-1.18976339117973,-0.688757149219044,-0.5
29.67,-1.17198009251807,-0.69865573089859,-0.5
29.7,-1.15378150159145,-0.708306687614985,-0.5
29.73,-1.1351644108204,-0.717700667457079,-0.5
29.76,-1.11612552762585,-0.726827907429392,-0.5
29.79,-1.09666147593355,-0.735678205887728,-0.5
29.82,-1.0767687982334,-0.744240892760208,-0.5
29.85,-1.05644395829438,-0.75250479733749,-0.5
29.88,-1.03568334465327,-0.760458213391911,-0.5
29.91,-1.01448327501578,-0.768088861358128,-0.5
29.94,-0.992840001732677,-0.775383847277453,-0.5
29.97,-0.970749718542051,-0.782329618173733,-0.5
30,-0.948208568802883,-0.78891191349004,-0.5
30.03,-0.925212655485162,-0.795115712171915,-0.5
30.06,-0.901758053229937,-0.800925174933901,-0.5
30.09,-0.877840822849976,-0.806323581190803,-0.5
30.12,-0.853457028710307,-0.811293260072908,-0.5
30.15,-0.828602759510184,-0.815815514874237,-0.5
30.18,-0.803274153086991,-0.819870540204098,-0.5
30.21,-0.77746742598174,-0.823437331023602,-0.5
30.24,-0.751178908649869,-0.826493582649603,-0.5
30.27,-0.724405087375373,-0.829015580697664,-0.5
30.3,-0.697142654157957,-0.830978079812407,-0.5
30.33,-0.669388566100489,-0.832354169897354,-0.5
30.36,-0.641140116138245,-0.833115128407033,-0.5
30.39,-0.61239501733575,-0.833230257102204,-0.5
30.42,-0.583151503448239,-0.832666701496422,-0.5
30.45,-0.553408449023777,-0.831389251042236,-0.5
30.48,-0.523165513035427,-0.829360117924414,-0.5
30.51,-0.492423310913293,-0.826538692155979,-0.5
30.54,-0.461183620935228,-0.822881270526966,-0.5
30.57,-0.429449632283904,-0.818340756860961,-0.5
30.6,-0.397226243750852,-0.812866331029156,-0.5
30.63,-0.364520424144138,-0.806403084313696,-0.5
30.66,-0.331341648032267,-0.798891619087353,-0.5
30.69,-0.297702423649372,-0.790267611511984,-0.5
30.72,-0.263618933732894,-0.780461337240249,-0.5
30.75,-0.229111814920524,-0.769397162205812,-0.5
30.78,-0.194207107263502,-0.756993003902781,-0.5
30.81,-0.158937412573256,-0.743159773657486,-0.5
30.84,-0.123343308809775,-0.727800818106099,-0.5
30.87,-0.0874750775117686,-0.710811389577096,-0.5
30.9,-0.0513948120501907,-0.692078191974288,-0.5
30.93,-0.0151789854130174,-0.671479073312072,-0.5
30.96,0.0210784345125398,-0.648882971264673,-0.5
30.99,0.0572622300929837,-0.624150267752789,-0.5
31.02,0.0932314548013882,-0.597133777116068,-0.5
31.05,0.128814174500838,-0.567680684068276,-0.5
31.08,0.163801442793793,-0.535635864543011,-0.5
31.11,0.197940658686898,-0.500847160496833,-0.5
31.14,0.230928691593698,-0.46317332015013,-0.5
31.17,0.262405540956653,-0.422495411653787,-0.5
31.2,0.291949861073585,-0.378732478059563,-0.5
31.23,0.319078416989617,-0.331861868320791,-0.5
31.26,0.343252321154681,-0.281943837491673,-0.5
31.29,0.363893399361732,-0.229148455199972,-0.5
31.32,0.38041364278223,-0.173780592638304,-0.5
31.35,0.392258664772859,-0.116296287200644,-0.5
31.38,0.398961980371181,-0.0573023855856184,-0.5
31.41,0.400201504652019,0.00246718804269852,-0.5
31.44,0.395845330539745,0.0621998093820086,-0.5
31.47,0.385973802000982,0.121070315739372,-0.5
31.5,0.370870717861925,0.178311023607807,-0.500000000000001
31.53,0.350986067902154,0.233269874269999,-0.5
31.56,0.326881113361278,0.285445665687945,-0.5
31.59,0.299169801888387,0.33449762769286,-0.5
31.62,0.268468022798864,0.380233976814146,-0.5
31.65,0.235356758040076,0.422587690294817,-0.5
31.68,0.200359960435298,0.461587555978313,-0.5
31.71,0.163934734996676,0.497330265913047,-0.5
31.74,0.126470223303271,0.529956656299582,-0.5
31.77,0.0882917840425438,0.559633122610425,-0.5
31.8,0.049667848318461,0.586537992482863,-0.5
31.83,0.0108176943592281,0.610852069091792,-0.5
31.86,-0.0280809011734321,0.632752413943683,-0.5
31.89,-0.0668846751902343,0.652408511000595,-0.5
31.92,-0.105478774509986,0.669980109263393,-0.5
31.95,-0.143771573395117,0.685616206726953,-0.5
31.98,-0.181690353629677,0.699454783730319,-0.5
32.01,-0.219177746744386,0.711623008961685,-0.5
32.04,-0.256188826590895,0.722237727795849,-0.5
32.07,-0.292688744756544,0.731406105074322,-0.5
32.1,-0.328650812683459,0.739226338377003,-0.5
32.13,-0.364054948040411,0.74578838815086,-0.5
32.16,-0.398886416431265,0.751174691637747,-0.5
32.19,-0.43313481177673,0.75546084129801,-0.5
32.22,-0.46679322927037,0.758716217474051,-0.5
32.25,-0.499857593653919,0.761004570876797,-0.5
32.28,-0.532326112824333,0.762384554151935,-0.5
32.31,-0.564198832685596,0.762910204011242,-0.5
32.34,-0.595477273912454,0.762631376688534,-0.5
32.37,-0.626164135105741,0.761594140132701,-0.5
32.4,-0.656263049868075,0.7598411266062,-0.5
32.43,-0.685778387764368,0.757411849366213,-0.5
32.46,-0.714715091077073,0.754342986966812,-0.5
32.49,-0.74307854082094,0.750668638499179,-0.5
32.52,-0.770874446726314,0.746420552825388,-0.5
32.55,-0.798108756897334,0.741628334586295,-0.5
32.58,-0.824787583652377,0.736319629492118,-0.5
32.61,-0.850917142698739,0.730520291145103,-0.5
32.64,-0.876503703313631,0.724254531402467,-0.5
32.67,-0.901553547624155,0.717545056066946,-0.5
32.7,-0.926072937419861,0.710413187492447,-0.5
32.73,-0.950068087208606,0.702878975512876,-0.5
32.76,-0.973545142452197,0.694961297942145,-0.5
32.79,-0.996510162102714,0.686677951751095,-0.5
32.82,-1.01896910471137,0.678045735901135,-0.5
32.85,-1.04092781750573,0.669080526702962,-0.5
32.88,-1.06239202793301,0.659797346470499,-0.5
32.91,-1.08336733725129,0.650210426153442,-0.5
32.94,-1.10385921581985,0.640333262555435,-0.5
32.97,-1.12387299979753,0.630178670677513,-0.5
33,-1.1434138890055,0.619758831667054,-0.5
33.03,-1.16248694575078,0.609085336800155,-0.5
33.06,-1.18109709443975,0.59816922787907,-0.5
33.09,-1.19924912183851,0.587021034385566,-0.5
33.12,-1.21694767785999,0.575650807694961,-0.5
33.15,-1.23419727677717,0.564068152623698,-0.5
33.18,-1.2510022987777,0.552282256555017,-0.5
33.21,-1.267366991789,0.540301916362281,-0.5
33.24,-1.28329547351434,0.528135563327206,-0.5
33.27,-1.29879173362984,0.515791286230557,-0.5
33.3,-1.31385963610067,0.503276852775237,-0.5
33.33,-1.32850292158144,0.490599729486093,-0.5
33.36,-1.34272520987144,0.477767100216786,-0.5
33.39,-1.35653000240048,0.464785883381621,-0.5
33.42,-1.36992068472504,0.451662748019116,-0.5
33.45,-1.38290052901795,0.438404128784122,-0.5
33.48,-1.39547269653771,0.425016239956389,-0.5
33.51,-1.40764024006623,0.411505088545482,-0.5
33.54,-1.41940610630558,0.397876486564782,-0.5
33.57,-1.43077313822641,0.384136062540826,-0.5
33.6,-1.44174407736192,0.370289272318475,-0.5
33.63,-1.45232156604275,0.356341409217152,-0.5
33.66,-1.46250814956911,0.342297613588681,-0.5
33.69,-1.47230627831734,0.328162881823021,-0.5
33.72,-1.4817183097789,0.313942074844338,-0.5
33.75,-1.49074651053041,0.299639926136393,-0.5
33.78,-1.49939305813379,0.285261049333094,-0.5
33.81,-1.50766004296622,0.270809945407196,-0.5
33.84,-1.51554946997956,0.256291009487585,-0.5
33.87,-1.52306326038971,0.241708537333226,-0.5
33.9,-1.53020325329619,0.227066731489754,-0.5
33.93,-1.53697120723256,0.212369707152748,-0.5
33.96,-1.54336880164862,0.19762149776001,-0.5
33.99,-1.54939763832502,0.182826060333542,-0.5
34.02,-1.55505924272158,0.167987280590538,-0.5
34.05,-1.56035506526007,0.15310897784133,-0.5
34.08,-1.56528648254282,0.138194909691106,-0.5
34.11,-1.56985479850804,0.123248776561087,-0.5
34.14,-1.57406124552316,0.108274226043912,-0.5
34.17,-1.57790698541723,0.093274857107076,-0.5
34.2,-1.58139311045358,0.0782542241574548,-0.5
34.23,-1.58452064424371,0.06321584097926,-0.5
34.26,-1.58729054260372,0.0481631845570766,-0.5
34.29,-1.58970369435407,0.033099698795073,-0.5
34.32,-1.5917609220639,0.0180287981429411,-0.5
34.35,-1.59346298274073,0.00295387113865353,-0.5
34.38,-1.59481056846666,-0.0121217161222885,-0.5
34.41,-1.59580430698167,-0.0271946165818057,-0.5
34.44,-1.59644476221528,-0.0422614988694019,-0.5
34.47,-1.59673243476692,-0.0573190439988148,-0.5
34.5,-1.59666776233615,-0.072363942102672,-0.5
34.53,-1.59625112010318,-0.087392889196851,-0.5
34.56,-1.59548282106052,-0.102402583966398,-0.5
34.59,-1.59436311629626,-0.117389724564966,-0.5
34.62,-1.59289219522969,-0.132351005419812,-0.5
34.65,-1.59107018579963,-0.147283114034428,-0.5
34.68,-1.58889715460615,-0.162182727780877,-0.5
34.71,-1.58637310700602,-0.177046510673884,-0.5
34.74,-1.58349798716233,-0.191871110118632,-0.5
34.77,-1.58027167804876,-0.206653153624144,-0.5
34.8,-1.57669400140877,-0.221389245473937,-0.5
34.83,-1.57276471767016,-0.236075963345482,-0.5
34.86,-1.56848352581523,-0.250709854869777,-0.5
34.89,-1.56385006320698,-0.265287434122032,-0.5
34.92,-1.55886390537155,-0.27980517803421,-0.5
34.95,-1.55352456573734,-0.294259522719756,-0.5
34.98,-1.54783149533108,-0.30864685970048,-0.5
35.01,-1.54178408243112,-0.32296353202506,-0.5
35.04,-1.5353816521786,-0.337205830268152,-0.5
35.07,-1.52862346614654,-0.351369988398504,-0.5
35.1,-1.52150872186771,-0.365452179503817,-0.5
35.13,-1.51403655232157,-0.379448511359415,-0.5
35.16,-1.50620602538106,-0.393355021826997,-0.5
35.19,-1.49801614322,-0.407167674068856,-0.5
35.22,-1.48946584168189,-0.420882351562039,-0.5
35.25,-1.48055398961135,-0.434494852895846,-0.5
35.28,-1.47127938814924,-0.448000886334922,-0.5
35.31,-1.46164076999307,-0.461396064128935,-0.5
35.34,-1.45163679862444,-0.474675896548437,-0.5
35.37,-1.44126606750548,-0.48783578562497,-0.5
35.4,-1.43052709924675,-0.500871018571808,-0.5
35.43,-1.41941834474953,-0.513776760859868,-0.5
35.46,-1.40793818232567,-0.526548048921287,-0.5
35.49,-1.39608491679908,-0.539179782450935,-0.5
35.52,-1.38385677859333,-0.551666716273654,-0.5
35.55,-1.37125192281082,-0.564003451742311,-0.5
35.58,-1.35826842830969,-0.576184427628754,-0.5
35.61,-1.34490429678585,-0.588203910466457,-0.5
35.64,-1.33115745186857,-0.600055984299999,-0.5
35.67,-1.31702573823958,-0.611734539792495,-0.5
35.7,-1.30250692078727,-0.62323326263764,-0.5
35.73,-1.2875986838092,-0.63454562121811,-0.5
35.76,-1.27229863027874,-0.645664853446577,-0.5
35.79,-1.2566042811938,-0.656583952719581,-0.5
35.82,-1.2405130750287,-0.667295652907742,-0.5
35.85,-1.22402236731368,-0.677792412298363,-0.5
35.88,-1.20712943037044,-0.688066396398135,-0.5
35.91,-1.18983145323667,-0.698109459494449,-0.5
35.94,-1.17212554181807,-0.707913124863496,-0.5
35.97,-1.15400871931241,-0.717468563501834,-0.5
36,-1.13547792695766,-0.726766571245298,-0.5
36.03,-1.11653002516473,-0.735797544124748,-0.5
36.06,-1.09716179510539,-0.744551451792126,-0.5
36.09,-1.07736994083762,-0.75301780883228,-0.5
36.12,-1.05715109206462,-0.761185643755896,-0.5
36.15,-1.03650180763978,-0.769043465446218,-0.5
36.18,-1.01541857994917,-0.776579226806852,-0.5
36.21,-0.993897840325671,-0.783780285329404,-0.5
36.24,-0.97193596567555,-0.790633360267568,-0.5
36.27,-0.949529286530116,-0.797124486068155,-0.5
36.3,-0.926674096772478,-0.803238961668859,-0.5
36.33,-0.903366665334338,-0.808961295226744,-0.5
36.36,-0.879603250211,-0.814275143789794,-0.5
36.39,-0.855380115206515,-0.8191632473658,-0.5
36.42,-0.830693549897167,-0.823607356777423,-0.5
36.45,-0.805539893393074,-0.827588154618711,-0.5
36.48,-0.779915562587799,-0.831085168545826,-0.5
36.51,-0.753817085718706,-0.834076676042127,-0.5
36.54,-0.727241142221276,-0.836539599694449,-0.5
36.57,-0.700184610055158,-0.838449391902338,-0.5
36.6,-0.672644621915991,-0.839779907814712,-0.5
36.63,-0.64461863203477,-0.840503265148614,-0.5
36.66,-0.61610449561784,-0.84058968939271,-0.5
36.69,-0.587100563410498,-0.840007342735369,-0.5
36.72,-0.557605794394635,-0.838722134886269,-0.5
36.75,-0.527619890279387,-0.836697513786692,-0.5
36.78,-0.497143456243024,-0.833894234035481,-0.5
36.81,-0.466178193371252,-0.830270100708796,-0.5
36.84,-0.434727129457857,-0.82577968614341,-0.5
36.87,-0.402794896345735,-0.820374017217889,-0.5
36.9,-0.370388063860882,-0.814000230752062,-0.5
36.93,-0.337515542716198,-0.806601194925183,-0.5
36.96,-0.304189071641802,-0.798115095194131,-0.5
36.99,-0.270423807559629,-0.788474984231918,-0.5
37.02,-0.236239042007327,-0.777608297133446,-0.5
37.05,-0.20165907238832,-0.765436335883847,-0.5
37.08,-0.166714263139207,-0.751873731338328,-0.5
37.11,-0.131442339688094,-0.736827897416153,-0.5
37.14,-0.0958899671612097,-0.720198501856304,-0.5
37.17,-0.0601146760085422,-0.70187699211499,-0.5
37.2,-0.0241872074870686,-0.681746235740633,-0.5
37.23,0.0118056380571299,-0.659680364454007,-0.5
37.26,0.0477575605588041,-0.63554495358213,-0.5
37.29,0.0835386393378787,-0.609197727559461,-0.5
37.32,0.11899046232138,-0.580490062304196,-0.5
37.35,0.153920484674573,-0.549269659732064,-0.5
37.38,0.188095697423414,-0.515384897731261,-0.5
37.41,0.221235871879285,-0.478691499700084,-0.5
37.44,0.253006955484586,-0.439062289512334,-0.5
37.47,0.283015670431205,-0.39640083164204,-0.5
37.5,0.310807025022847,-0.350659576983771,-0.5
37.53,0.335867228311465,-0.301862552267759,-0.5
37.56,0.35763517585358,-0.250131422885351,-0.5
37.59,0.375525770092619,-0.195711800903551,-0.5
37.62,0.388967135495626,-0.138994198319247,-0.5
37.65,0.397450632422436,-0.0805219530632939,-0.5
37.68,0.400587575116078,-0.0209784058807036,-0.500000000000001
37.71,0.398161361188475,0.0388508260830432,-0.5
37.74,0.390161378412395,0.0981374313009541,-0.499999999999999
37.77,0.376788226632371,0.156080681550393,-0.5
37.8,0.358428156105191,0.211972663157183,-0.5
37.83,0.335604210155227,0.265244596157544,-0.5
37.86,0.308917421273319,0.315487594056391,-0.5
37.89,0.278991295389307,0.362449547699845,-0.5
37.92,0.24642826710871,0.406015311372613,-0.5
37.95,0.211781132235122,0.446178752522375,-0.5
37.98,0.175538200656384,0.483013634589295,-0.5
38.01,0.138118849833243,0.516647616034091,-0.5
38.04,0.0998758421501717,0.547241225530091,-0.5
38.07,0.061101378132333,0.574972048258453,-0.5
38.1,0.0220347399894009,0.600023510483838,-0.5
38.13,-0.0171298163607804,0.62257734502286,-0.5
38.16,-0.0562356610454697,0.642808819630703,-0.5
38.19,-0.0951572237091785,0.660883943806373,-0.5
38.22,-0.133794363349627,0.676958039021848,-0.5
38.25,-0.17206764688338,0.691175215910107,-0.5
38.28,-0.209914446859693,0.703668432274501,-0.5
38.31,-0.247285746532799,0.714559905556487,-0.5
38.34,-0.284143539651428,0.72396172644432,-0.5
38.37,-0.320458721762166,0.731976572178637,-0.5
38.4,-0.356209383265248,0.738698454135348,-0.5
38.43,-0.391379428562673,0.744213458842253,-0.5
38.46,-0.425957458775094,0.748600458088713,-0.5
38.49,-0.459935867013138,0.751931774695051,-0.5
38.52,-0.493310104916081,0.754273797588422,-0.5
38.55,-0.526078087209895,0.755687544323134,-0.5
38.58,-0.55823970758577,0.756229171941794,-0.5
38.61,-0.589796444486427,0.755950438684787,-0.5
38.64,-0.620751039629682,0.754899119917318,-0.5
38.67,-0.651107235491379,0.753119382023347,-0.5
38.7,-0.680869560678368,0.750652118093946,-0.5
38.73,-0.71004315428349,0.747535249132758,-0.5
38.76,-0.738633622039794,0.743803994291933,-0.5
38.79,-0.766646918469746,0.739491113388905,-0.5
38.82,-0.79408925032844,0.734627124670059,-0.5
38.85,-0.82096699752429,0.729240500501974,-0.5
38.88,-0.847286648411296,0.723357843396452,-0.5
38.91,-0.873054746919229,0.717004044518612,-0.5
38.94,-0.898277849449911,0.710202426591322,-0.5
38.97,-0.922962489841547,0.70297487289505,-0.5
39,-0.947115151006192,0.695341943869734,-0.5
39.03,-0.97074224209197,0.687322982653318,-0.5
39.06,-0.993850080222664,0.678936210738807,-0.5
39.09,-1.01644487603151,0.670198814796267,-0.5
39.12,-1.03853272234062,0.661127025586606,-0.5
39.15,-1.06011958544785,0.651736189788356,-0.5
39.18,-1.08121129857402,0.642040835465645,-0.5
39.21,-1.10181355709824,0.632054731823556,-0.5
39.24,-1.1219319152712,0.621790943824862,-0.5
39.27,-1.14157178414749,0.611261882178499,-0.5
39.3,-1.16073843052098,0.600479349154078,-0.5
39.33,-1.17943697668215,0.589454580627292,-0.5
39.36,-1.19767240084653,0.578198284717457,-0.5
39.39,-1.21544953812723,0.566720677339899,-0.5
39.42,-1.23277308194594,0.555031514961828,-0.5
39.45,-1.24964758579322,0.543140124820245,-0.5
39.48,-1.2660774652641,0.5310554328337,-0.5
39.51,-1.28206700030645,0.518785989416074,-0.5
39.54,-1.29762033763026,0.506339993379563,-0.5
39.57,-1.31274149323429,0.493725314095344,-0.5
39.6,-1.32743435501378,0.48094951206381,-0.5
39.63,-1.34170268541901,0.46801985803147,-0.5
39.66,-1.35555012413971,0.454943350778396,-0.5
39.69,-1.3689801907944,0.441726733688319,-0.5
39.72,-1.38199628760759,0.428376510202961,-0.5
39.75,-1.39460170206081,0.414898958252734,-0.5
39.78,-1.40679960950587,0.40130014374752,-0.5
39.81,-1.41859307573121,0.387585933203629,-0.5
39.84,-1.4299850594737,0.373762005576285,-0.5
39.87,-1.44097841487012,0.359833863360812,-0.5
39.9,-1.45157589384361,0.345806843020232,-0.5
39.93,-1.46178014842169,0.331686124792006,-0.5
39.96,-1.47159373298308,0.31747674192219,-0.5
39.99,-1.48101910643164,0.30318358937123,-0.5
40.02,-1.49005863429614,0.288811432031988,-0.5
40.05,-1.49871459075521,0.274364912497274,-0.5
40.08,-1.50698916058728,0.259848558411212,-0.5
40.11,-1.5148844410455,0.24526678943602,-0.5
40.14,-1.52240244365828,0.230623923863374,-0.5
40.17,-1.52954509595584,0.215924184897293,-0.5
40.2,-1.53631424312384,0.201171706633455,-0.5
40.23,-1.54271164958494,0.186370539758058,-0.5
40.26,-1.54873900050938,0.171524656987647,-0.5
40.29,-1.55439790325595,0.156637958269838,-0.5
40.32,-1.55968988874424,0.141714275763512,-0.5
40.35,-1.56461641275989,0.126757378615774,-0.5
40.38,-1.56917885719377,0.111770977551896,-0.5
40.41,-1.57337853121656,0.096758729293383,-0.5
40.44,-1.57721667239012,0.0817242408184196,-0.5
40.47,-1.58069444771672,0.0666710734780916,-0.5
40.5,-1.58381295462759,0.0516027469810196,-0.5
40.53,-1.58657322191193,0.0365227432583608,-0.5
40.56,-1.58897621058762,0.0214345102205187,-0.5
40.59,-1.59102281471473,0.00634146541634127,-0.5
40.62,-1.59271386215309,-0.00875300039489926,-0.5
40.65,-1.59405011526476,-0.0238455197488961,-0.5
40.68,-1.59503227156269,-0.0389327450496035,-0.5
40.71,-1.59566096430632,-0.054011345201315,-0.5
40.74,-1.59593676304522,-0.0690780022906924,-0.5
40.77,-1.59586017411152,-0.0841294083101668,-0.5
40.8,-1.59543164106206,-0.0991622619143361,-0.5
40.83,-1.59465154507097,-0.114173265201156,-0.5
40.86,-1.59352020527346,-0.129159120509845,-0.5
40.89,-1.59203787906153,-0.144116527227527,-0.5
40.92,-1.59020476233216,-0.159042178596663,-0.5
40.95,-1.58802098968874,-0.173932758515378,-0.5
40.98,-1.58548663459611,-0.188784938322742,-0.5
41.01,-1.58260170949003,-0.203595373561009,-0.5
41.04,-1.57936616584124,-0.218360700706747,-0.5
41.07,-1.57577989417492,-0.233077533862642,-0.5
41.1,-1.57184272404582,-0.247742461401589,-0.5
41.13,-1.56755442396952,-0.262352042554503,-0.5
41.16,-1.56291470131034,-0.276902803932986,-0.5
41.19,-1.55792320212624,-0.291391235977746,-0.5
41.22,-1.55257951097118,-0.305813789323289,-0.5
41.25,-1.54688315065538,-0.320166871069035,-0.5
41.28,-1.54083358196399,-0.334446840946576,-0.5
41.31,-1.53443020333453,-0.3486500073723,-0.5
41.34,-1.52767235049379,-0.362772623374061,-0.5
41.37,-1.52055929605477,-0.376810882379968,-0.5
41.4,-1.5130902490742,-0.390760913856696,-0.5
41.43,-1.50526435457156,-0.404618778783964,-0.5
41.46,-1.49708069301037,-0.41838046495102,-0.5
41.49,-1.48853827974283,-0.432041882060047,-0.5
41.52,-1.47963606441888,-0.44559885662043,-0.5
41.55,-1.4703729303612,-0.459047126616692,-0.5
41.58,-1.46074769390746,-0.472382335931724,-0.5
41.61,-1.45075910372202,-0.485600028505606,-0.5
41.64,-1.44040584007889,-0.498695642208835,-0.5
41.67,-1.42968651411869,-0.511664502407188,-0.5
41.7,-1.41859966708239,-0.524501815193685,-0.5
41.73,-1.40714376952542,-0.537202660261172,-0.5
41.76,-1.39531722051584,-0.549761983386905,-0.5
41.79,-1.38311834682156,-0.562174588498177,-0.5
41.82,-1.37054540209162,-0.574435129285457,-0.5
41.85,-1.35759656603806,-0.586538100326615,-0.5
41.88,-1.3442699436255,-0.598477827682733,-0.5
41.91,-1.33056356427692,-0.610248458922485,-0.5
41.94,-1.31647538110538,-0.621843952528254,-0.5
41.97,-1.302003270183,-0.63325806663295,-0.5
42,-1.28714502986044,-0.644484347031783,-0.5
42.03,-1.271898380152,-0.655516114408087,-0.5
42.06,-1.25626096220412,-0.666346450706549,-0.5
42.09,-1.24023033786759,-0.67696818458082,-0.5
42.12,-1.2238039893974,-0.687373875835447,-0.5
42.15,-1.20697931930756,-0.69755579877418,-0.5
42.18,-1.18975365041285,-0.707505924357984,-0.5
42.21,-1.17212422609462,-0.717215901066374,-0.5
42.24,-1.1540882108334,-0.726677034344806,-0.5
42.27,-1.13564269105848,-0.735880264508808,-0.5
42.3,-1.11678467637232,-0.74481614296195,-0.5
42.33,-1.09751110121735,-0.753474806569722,-0.5
42.36,-1.07781882706386,-0.761845950014387,-0.5
42.39,-1.05770464521049,-0.769918795936998,-0.5
42.42,-1.03716528030438,-0.777682062651484,-0.5
42.45,-1.01619739470589,-0.785123929191876,-0.5
42.48,-0.994797593844014,-0.792231997426986,-0.5
42.51,-0.972962432733761,-0.798993250946744,-0.5
42.54,-0.950688423856352,-0.805394010390561,-0.5
42.57,-0.927972046638171,-0.811419884850037,-0.5
42.6,-0.904809758806232,-0.817055718935476,-0.5
42.63,-0.881198009947491,-0.822285535047455,-0.5
42.66,-0.857133257658617,-0.827092470340432,-0.5
42.69,-0.832611986743596,-0.831458707804337,-0.5
42.72,-0.807630732001394,-0.83536540082148,-0.5
42.75,-0.782186105247728,-0.838792590479093,-0.5
42.78,-0.756274827337617,-0.841719114831517,-0.5
42.81,-0.729893766103311,-0.844122509209646,-0.5
42.84,-0.703039981301122,-0.845978896567861,-0.5
42.87,-0.675710777877646,-0.847262866739771,-0.5
42.9,-0.647903769129626,-0.847947343343278,-0.5
42.93,-0.61961695165309,-0.848003436932879,-0.5
42.96,-0.590848794370077,-0.847400282843793,-0.5
42.99,-0.561598344402109,-0.846104862010563,-0.5
43.02,-0.531865353149842,-0.844081802876547,-0.5
43.05,-0.501650426664537,-0.841293162347056,-0.5
43.08,-0.470955205292283,-0.837698183589419,-0.5
43.11,-0.439782578677693,-0.833253028365635,-0.5
43.14,-0.408136943581605,-0.82791048152471,-0.5
43.17,-0.376024513661122,-0.821619625323354,-0.5
43.2,-0.343453692458693,-0.814325481446282,-0.5
43.23,-0.310435523445743,-0.80596861905136,-0.5
43.26,-0.27698423418027,-0.796484728002626,-0.5
43.29,-0.243117895600702,-0.785804157869807,-0.5
43.32,-0.208859222340168,-0.773851425548198,-0.5
43.35,-0.174236545861941,-0.760544697896177,-0.5
43.38,-0.139284999327581,-0.74579526118718,-0.5
43.41,-0.104047961491159,-0.729506997269339,-0.5
43.44,-0.0685788164949482,-0.711575898308771,-0.5
43.47,-0.0329430968515222,-0.691889669521559,-0.5
43.5,0.00277891280748929,-0.670327494641483,-0.5
43.53,0.0384890254142837,-0.646760075022365,-0.5
43.56,0.0740673663376566,-0.621050103991129,-0.5
43.59,0.109367875133582,-0.593053407628363,-0.5
43.62,0.144213049281194,-0.562621075501671,-0.5
43.65,0.178387959730847,-0.529603021505077,-0.5
43.68,0.211633710847572,-0.493853550439863,-0.5
43.71,0.243640764665461,-0.455239639641677,-0.5
43.74,0.274042943552487,-0.413652727268554,-0.5
43.77,0.302413498378202,-0.369024732974466,-0.5
43.8,0.328265363775084,-0.321348662557335,-0.5
43.83,0.351058479970781,-0.270703251415891,-0.5
43.86,0.370217488572785,-0.217279491636054,-0.5
43.89,0.385162587712467,-0.161404597540561,-0.5
43.92,0.39535411960666,-0.103556565114493,-0.5
43.95,0.400347220001888,-0.0443612997473225,-0.5
43.98,0.399847459690023,0.0154339230258321,-0.5
44.01,0.393754372299253,0.0750111962112616,-0.5
44.04,0.382180242767253,0.1335492669028,-0.5
44.07,0.365437828378253,0.190293003211686,-0.5
44.1,0.344000360541141,0.244609496099393,-0.5
44.13,0.318445242566244,0.296020452916681,-0.5
44.16,0.28939547723663,0.344208971023034,-0.5
44.19,0.257469936855667,0.389005921088368,-0.5
44.22,0.223247993666546,0.430364394314049,-0.5
44.25,0.187248900427671,0.468330186050647,-0.5
44.28,0.149923243382687,0.503013861996284,-0.5
44.31,0.111652780580333,0.53456727979686,-0.5
44.34,0.0727552738616678,0.563165419162207,-0.5
44.37,0.0334917523103089,0.5889931926546,-0.5
44.4,-0.00592548137262228,0.612236391883717,-0.5
44.43,-0.0453250867291079,0.633075814488601,-0.5
44.46,-0.0845696599315622,0.651683709669339,-0.5
44.49,-0.123549637224591,0.66822184462134,-0.5
44.52,-0.162178144148527,0.682840663517721,-0.5
44.55,-0.20038671916591,0.695679156269345,-0.5
44.58,-0.238121803597317,0.706865168643539,-0.5
44.61,-0.275341881633804,0.716515970394725,-0.5
44.64,-0.312015160534117,0.724738959122457,-0.5
44.67,-0.348117693738992,0.731632420297693,-0.5
44.7,-0.383631864058137,0.737286293211827,-0.5
44.73,-0.418545158038225,0.741782912382406,-0.5
44.76,-0.452849175093635,0.745197707084581,-0.5
44.79,-0.486538825648485,0.747599850250347,-0.5
44.82,-0.519611681416652,0.749052853455782,-0.5
44.85,-0.552067448209615,0.749615108117569,-0.5
44.88,-0.583907537538471,0.749340375042518,-0.5
44.91,-0.615134717997518,0.748278225592293,-0.5
44.94,-0.645752831193366,0.746474438260861,-0.5
44.97,-0.675766559997502,0.743971354628819,-0.5
45,-0.70518123930316,0.740808198599865,-0.5
45.03,-0.734002701383316,0.737021362634084,-0.5
45.06,-0.76223714947546,0.732644664431967,-0.5
45.09,-0.789891054440345,0.72770957723117,-0.5
45.12,-0.816971070319635,0.722245436579719,-0.5
45.15,-0.843483965401509,0.716279626159324,-0.5
45.18,-0.869436566033531,0.709837744959313,-0.5
45.21,-0.894835710929875,0.702943757849526,-0.5
45.24,-0.919688214130081,0.695620131371198,-0.5
45.27,-0.944000835098527,0.687887956358322,-0.5
45.3,-0.96778025472329,0.679767058817321,-0.5
45.33,-0.991033056192344,0.671276100328669,-0.5
45.36,-1.01376570990386,0.662432669088571,-0.5
45.39,-1.03598456171367,0.653253362580281,-0.5
45.42,-1.05769582394273,0.643753862751178,-0.5
45.45,-1.07890556866595,0.633949004471816,-0.5
45.48,-1.09961972288482,0.623852837965185,-0.5
45.51,-1.11984406525303,0.613478685816948,-0.5
45.54,-1.13958422407979,0.602839195109251,-0.5
45.57,-1.15884567638117,0.591946385160647,-0.5
45.6,-1.17763374778783,0.580811691301789,-0.5
45.63,-1.19595361314937,0.569446005069883,-0.5
45.66,-1.2138102977015,0.557859711163751,-0.5
45.69,-1.23120867868442,0.546062721465015,-0.5
45.72,-1.24815348731914,0.534064506398746,-0.5
45.75,-1.26464931106386,0.521874123878533,-0.5
45.78,-1.28070059608511,0.509500246055688,-0.5
45.81,-1.29631164988962,0.496951184070007,-0.5
45.84,-1.3114866440715,0.484234910979617,-0.5
45.87,-1.3262296171372,0.471359083029838,-0.5
45.9,-1.34054447737685,0.458331059405282,-0.5
45.93,-1.35443500575643,0.445157920595397,-0.5
45.96,-1.36790485880904,0.431846485491231,-0.5
45.99,-1.38095757150812,0.418403327319981,-0.5
46.02,-1.39359656010802,0.404834788513991,-0.5
46.05,-1.40582512494055,0.391146994601864,-0.5
46.08,-1.41764645315794,0.377345867201421,-0.5
46.11,-1.42906362141498,0.363437136187007,-0.5
46.14,-1.44007959848437,0.349426351097228,-0.5
46.17,-1.45069724780085,0.33531889184338,-0.5
46.2,-1.46091932993076,0.321119978773635,-0.5
46.23,-1.47074850496461,0.306834682143319,-0.5
46.26,-1.48018733483099,0.292467931037375,-0.5
46.29,-1.48923828553082,0.278024521787307,-0.5
46.32,-1.49790372929163,0.263509125921381,-0.5
46.35,-1.50618594664163,0.248926297683779,-0.5
46.38,-1.51408712840416,0.234280481155531,-0.5
46.41,-1.52160937761296,0.219576017007518,-0.5
46.44,-1.5287547113493,0.20481714891346,-0.5
46.47,-1.53552506250192,0.190008029648765,-0.5
46.5,-1.54192228145104,0.175152726899118,-0.5
46.53,-1.54794813767774,0.160255228801024,-0.5
46.56,-1.5536043213001,0.145319449234895,-0.5
46.59,-1.55889244453752,0.13034923288986,-0.5
46.62,-1.56381404310476,0.11534836011816,-0.5
46.65,-1.56837057753712,0.100320551595835,-0.5
46.68,-1.57256343444829,0.0852694728053001,-0.5
46.71,-1.57639392772236,0.0701987383544876,-0.5
46.74,-1.57986329964139,0.055111916146293,-0.5
46.77,-1.58297272195012,0.0400125314113178,-0.5
46.8,-1.58572329685896,0.024904070616152,-0.5
46.83,-1.58811605798692,0.00978998525880273,-0.5
46.86,-1.59015197124554,-0.00532630443770743,-0.5
46.89,-1.59183193566518,-0.0204414059230729,-0.5
46.92,-1.59315678416499,-0.03555195079873,-0.5
46.95,-1.59412728426746,-0.0506545913685485,-0.5
46.98,-1.59474413875892,-0.0657459972519246,-0.5
47.01,-1.59500798629694,-0.0808228520503247,-0.5
47.04,-1.59491940196555,-0.0958818500585972,-0.5
47.07,-1.59447889777944,-0.110919693012599,-0.5
47.1,-1.59368692313781,-0.125933086864863,-0.5
47.13,-1.59254386522894,-0.140918738580193,-0.5
47.16,-1.59105004938608,-0.155873352943161,-0.5
47.19,-1.58920573939566,-0.170793629369567,-0.5
47.22,-1.58701113775829,-0.185676258713962,-0.5
47.25,-1.58446638590344,-0.200517920065302,-0.5
47.28,-1.58157156435834,-0.215315277522803,-0.5
47.31,-1.57832669287176,-0.230064976943963,-0.5
47.34,-1.57473173049321,-0.244763642656602,-0.5
47.37,-1.57078657560817,-0.259407874126655,-0.5
47.4,-1.56649106592999,-0.273994242573211,-0.5
47.43,-1.56184497844871,-0.288519287522118,-0.5
47.46,-1.55684802933775,-0.30297951328915,-0.5
47.49,-1.55149987381862,-0.317371385383452,-0.5
47.52,-1.54580010598446,-0.331691326821608,-0.5
47.55,-1.53974825858287,-0.345935714342256,-0.5
47.58,-1.53334380275867,-0.360100874510723,-0.5
47.61,-1.52658614775719,-0.374183079702633,-0.5
47.64,-1.51947464058888,-0.38817854395486,-0.5
47.67,-1.51200856565595,-0.40208341867156,-0.5
47.7,-1.50418714434197,-0.415893788172301,-0.5
47.73,-1.49600953456526,-0.429605665068541,-0.5
47.76,-1.48747483029748,-0.443214985453812,-0.5
47.79,-1.47858206104832,-0.456717603892044,-0.5
47.82,-1.4693301913181,-0.47010928818739,-0.5
47.85,-1.45971812001966,-0.483385713917788,-0.5
47.88,-1.44974467987174,-0.496542458713184,-0.5
47.91,-1.43940863676587,-0.509574996258005,-0.5
47.94,-1.42870868910953,-0.522478689995885,-0.5
47.97,-1.41764346714846,-0.535248786513003,-0.5
48,-1.40621153227173,-0.54788040857452,-0.5
48.03,-1.39441137630339,-0.56036854778659,-0.5
48.06,-1.38224142078563,-0.572708056854152,-0.5
48.09,-1.36970001625854,-0.584893641402284,-0.5
48.12,-1.35678544154302,-0.596919851326163,-0.5
48.15,-1.34349590303375,-0.608781071631692,-0.5
48.18,-1.3298295340108,-0.620471512725569,-0.5
48.21,-1.31578439397945,-0.631985200109937,-0.5
48.24,-1.30135846804932,-0.643315963432711,-0.5
48.27,-1.28654966636573,-0.654457424840283,-0.5
48.3,-1.27135582360832,-0.665402986574356,-0.5
48.33,-1.25577469857391,-0.676145817749235,-0.5
48.36,-1.23980397386379,-0.686678840239871,-0.5
48.39,-1.22344125569824,-0.696994713604263,-0.5
48.42,-1.20668407388509,-0.707085818956401,-0.5
48.45,-1.18952988197312,-0.71694424169765,-0.5
48.48,-1.17197605762596,-0.726561753005321,-0.5
48.51,-1.15401990325793,-0.735929789966906,-0.5
48.54,-1.13565864697973,-0.74503943423705,-0.5
48.57,-1.11688944390978,-0.753881389081597,-0.5
48.6,-1.09770937791562,-0.762445954658814,-0.5
48.63,-1.07811546386075,-0.77072300137196,-0.5
48.66,-1.05810465044415,-0.778701941109587,-0.5
48.69,-1.03767382373452,-0.786371696169962,-0.5
48.72,-1.01681981151774,-0.793720665643639,-0.5
48.75,-0.995539388596644,-0.800736689003097,-0.5
48.78,-0.973829283204957,-0.80740700662014,-0.5
48.81,-0.951686184725605,-0.813718216900082,-0.5
48.84,-0.9291067529361,-0.819656229686092,-0.5
48.87,-0.906087629042793,-0.82520621554704,-0.5
48.9,-0.882625448812009,-0.830352550517073,-0.5
48.93,-0.858716858161203,-0.835078755804525,-0.5
48.96,-0.834358531639022,-0.839367431930714,-0.5
48.99,-0.809547194301805,-0.843200186695214,-0.5
49.02,-0.784279647588318,-0.84655755629231,-0.5
49.05,-0.758552799907829,-0.849418918822867,-0.5
49.08,-0.732363702793043,-0.851762399355889,-0.5
49.11,-0.7057095936342,-0.853564765593871,-0.5
49.14,-0.678587946210033,-0.854801313084979,-0.5
49.17,-0.650996530473272,-0.855445738802721,-0.5
49.2,-0.622933483342737,-0.855470001780162,-0.5
49.23,-0.594397392613032,-0.854844169341464,-0.5
49.26,-0.565387396531672,-0.853536247320461,-0.5
49.29,-0.535903302131241,-0.8515119924974,-0.5
49.32,-0.505945726064601,-0.848734705326801,-0.5
49.35,-0.475516262504129,-0.845165000881042,-0.5
49.38,-0.444617683668441,-0.840760555810755,-0.5
49.41,-0.413254179778407,-0.835475829047255,-0.5
49.44,-0.381431646775849,-0.829261753978531,-0.5
49.47,-0.349158032033944,-0.822065399970328,-0.5
49.5,-0.316443750634605,-0.813829601453703,-0.5
49.53,-0.28330218768927,-0.804492553471995,-0.5
49.56,-0.249750305758781,-0.793987373737209,-0.5
49.59,-0.215809380825491,-0.782241633126417,-0.5
49.62,-0.181505895637484,-0.769176859498159,-0.5
49.65,-0.14687262572594,-0.754708024224389,-0.5
49.68,-0.111949961097847,-0.738743027627865,-0.5
49.71,-0.0767875155284511,-0.721182209599847,-0.5
49.74,-0.0414460852985489,-0.701917926468123,-0.5
49.77,-0.00600002948690434,-0.680834256647035,-0.5
49.8,0.0294598469029806,-0.657806928353623,-0.5
49.83,0.0648228204413126,-0.632703606090587,-0.5
49.86,0.0999541046104005,-0.605384732707349,-0.5
49.89,0.134689971765695,-0.575705204820158,-0.5
49.92,0.168832134287339,-0.543517264058953,-0.5
49.95,0.202141485766395,-0.508675113340975,-0.5
49.98,0.234331497704859,-0.471041903627173,-0.5
50.01,0.265061888428142,-0.430499848025503,-0.5
50.04,0.293933667837732,-0.386964234048069,-0.5
50.07,0.320487325412576,-0.340401892037761,-0.5
50.1,0.344206697001482,-0.290854046088832,-0.5
50.13,0.364531675345755,-0.238462207802849,-0.5
50.16,0.380882922720686,-0.183493772800335,-0.5
50.19,0.392700382284848,-0.12636153002183,-0.5
50.22,0.399494058811749,-0.0676293681947254,-0.5
50.25,0.400900470765251,-0.00799670994733259,-0.5
50.28,0.396733144260701,0.051741871082926,-0.5
50.31,0.387013620692341,0.110757989827882,-0.499999999999999
50.34,0.371973163771745,0.168259940777475,-0.5
50.37,0.352024022972621,0.223556488161599,-0.5
50.4,0.327708547571376,0.276100590726386,-0.5
50.43,0.299639801576884,0.325507240678462,-0.5
50.46,0.268446686087895,0.371547836916706,-0.5
50.49,0.23473174043201,0.414128658385357,-0.5
50.52,0.19904412031965,0.453262030785829,-0.5
50.55,0.161866153476064,0.489036975312276,-0.5
50.58,0.123609997366103,0.521593382844169,-0.5
50.61,0.084620740115195,0.551101368262995,-0.5
50.64,0.045182962725724,0.577745899908577,-0.5
50.67,0.00552868435310185,0.601716011704232,-0.5
50.7,-0.0341545876451129,0.623197643707699,-0.5
50.73,-0.0737163926671199,0.64236918197823,-0.5
50.76,-0.113036742418667,0.65939891545848,-0.5
50.79,-0.152020515165569,0.674443802767723,-0.5
50.82,-0.190592775286524,0.687649101860997,-0.5
50.85,-0.22869491884507,0.69914854536785,-0.5
50.88,-0.266281527692171,0.709064842946121,-0.5
50.91,-0.303317816304981,0.717510363608584,-0.5
50.94,-0.339777566575166,0.724587901535434,-0.5
50.97,-0.375641460140099,0.730391463795179,-0.5
51,-0.410895732490496,0.735007042074695,-0.5
51.03,-0.445531086517354,0.738513346319543,-0.5
51.06,-0.479541814814277,0.740982488552625,-0.5
51.09,-0.512925089835259,0.742480611808007,-0.5
51.12,-0.545680389054289,0.743068463296645,-0.5
51.15,-0.577809028803038,0.74280191344416,-0.5
51.18,-0.609313785717061,0.741732423874719,-0.5
51.21,-0.640198588926402,0.739907468142993,-0.5
51.24,-0.670468269482119,0.737370909295127,-0.5
51.27,-0.700128356183844,0.734163338341102,-0.5
51.3,-0.729184909103068,0.730322377557755,-0.5
51.33,-0.757644383793849,0.725882952287921,-0.5
51.36,-0.785513520536575,0.720877534604084,-0.5
51.39,-0.812799254042303,0.715336361894477,-0.5
51.42,-0.839508639911325,0.709287633124048,-0.5
51.45,-0.865648794834547,0.702757685232611,-0.5
51.48,-0.891226848085082,0.695771151863519,-0.5
51.51,-0.916249902297927,0.688351106370693,-0.5
51.54,-0.940725001899579,0.680519190830352,-0.5
51.57,-0.964659107844348,0.672295732585489,-0.5
51.6,-0.988059077553567,0.663699849674684,-0.5
51.63,-1.01093164914887,0.654749546340443,-0.5
51.66,-1.03328342922982,0.645461799674053,-0.5
51.69,-1.05512088357626,0.635852638332058,-0.5
51.72,-1.07645033026258,0.625937214152134,-0.5
51.75,-1.09727793475872,0.615729867401659,-0.5
51.78,-1.11760970666486,0.605244186309201,-0.5
51.81,-1.13745149778663,0.594493061455995,-0.5
51.84,-1.15680900130661,0.583488735540222,-0.5
51.87,-1.17568775184901,0.572242848970188,-0.5
51.9,-1.19409312626812,0.560766481692681,-0.5
51.93,-1.21203034501948,0.549070191618766,-0.5
51.96,-1.22950447399593,0.537164049970465,-0.5
51.99,-1.24652042673055,0.525057673837507,-0.5
52.02,-1.2630829668847,0.512760256203021,-0.5
52.05,-1.27919671095292,0.50028059367018,-0.5
52.08,-1.29486613112814,0.487627112098096,-0.5
52.11,-1.31009555828008,0.474807890334099,-0.5
52.14,-1.32488918500769,0.461830682210857,-0.5
52.17,-1.33925106873342,0.448702936960094,-0.5
52.2,-1.3531851348126,0.435431818179846,-0.5
52.23,-1.36669517963599,0.422024221478968,-0.5
52.26,-1.37978487370771,0.408486790910797,-0.5
52.29,-1.39245776468385,0.394825934297333,-0.5
52.32,-1.40471728036009,0.381047837535859,-0.5
52.35,-1.41656673159904,0.367158477971484,-0.5
52.38,-1.42800931518967,0.353163636911495,-0.5
52.41,-1.43904811663332,0.339068911350617,-0.5
52.44,-1.44968611285192,0.324879724970164,-0.5
52.47,-1.45992617481506,0.310601338468553,-0.5
52.5,-1.46977107008393,0.29623885927572,-0.5
52.53,-1.47922346527048,0.2817972506995,-0.5
52.56,-1.48828592841124,0.267281340548001,-0.5
52.59,-1.49696093125551,0.252695829268372,-0.5
52.62,-1.50525085146802,0.238045297639083,-0.5
52.65,-1.51315797474696,0.223334214049835,-0.5
52.68,-1.5206844968579,0.208566941400559,-0.5
52.71,-1.52783252558508,0.193747743648493,-0.5
52.74,-1.53460408260105,0.178880792030128,-0.5
52.77,-1.54100110525628,0.16397017098281,-0.5
52.8,-1.54702544829025,0.149019883788961,-0.5
52.83,-1.55267888546559,0.134033857964226,-0.5
52.86,-1.55796311112694,0.11901595040936,-0.5
52.89,-1.56287974168622,0.103969952344307,-0.5
52.92,-1.567430317036,0.0888995940416767,-0.5
52.95,-1.57161630189264,0.0738085493757214,-0.5
52.98,-1.57543908707087,0.0587004402018775,-0.5
53.01,-1.5788999906915,0.0435788405810324,-0.5
53.04,-1.58200025932375,0.02844728086183,-0.5
53.07,-1.58474106906386,0.0133092516335819,-0.5
53.1,-1.58712352655149,-0.00183179243833478,-0.5
53.13,-1.58914866992531,-0.0169724288833173,-0.5
53.16,-1.59081746971921,-0.0321092637918955,-0.5
53.19,-1.59213082970061,-0.0472389282673713,-0.5
53.22,-1.59308958765196,-0.0623580749529444,-0.5
53.25,-1.59369451609681,-0.0774633746249063,-0.5
53.28,-1.59394632297167,-0.092551512842825,-0.5
53.31,-1.59384565224467,-0.107619186647928,-0.5
53.34,-1.59339308448221,-0.122663101301144,-0.5
53.37,-1.59258913736453,-0.137679967052452,-0.5
53.4,-1.59143426615131,-0.152666495933378,-0.5
53.43,-1.58992886409805,-0.167619398564574,-0.5
53.46,-1.58807326282427,-0.182535380970529,-0.5
53.49,-1.58586773263424,-0.197411141393486,-0.5
53.52,-1.58331248279114,-0.212243367098688,-0.5
53.55,-1.58040766174532,-0.227028731163014,-0.5
53.58,-1.57715335731748,-0.241763889239038,-0.5
53.61,-1.57354959683732,-0.256445476286437,-0.5
53.64,-1.56959634723852,-0.271070103262537,-0.5
53.67,-1.56529351511056,-0.285634353763629,-0.5
53.7,-1.56064094670811,-0.300134780608454,-0.5
53.73,-1.55563842791861,-0.314567902355028,-0.5
53.76,-1.55028568418859,-0.328930199741669,-0.5
53.79,-1.54458238040963,-0.343218112042752,-0.5
53.82,-1.53852812076433,-0.357428033329323,-0.5
53.85,-1.53212244853324,-0.371556308624291,-0.5
53.88,-1.52536484586338,-0.385599229941391,-0.5
53.91,-1.51825473349922,-0.399553032196589,-0.5
53.94,-1.51079147047696,-0.413413888979978,-0.5
53.97,-1.5029743537831,-0.427177908175545,-0.5
54,-1.49480261797841,-0.440841127415439,-0.5
54.03,-1.4862754347885,-0.454399509354534,-0.5
54.06,-1.47739191266232,-0.467848936750201,-0.5
54.09,-1.4681510963002,-0.48118520733117,-0.5
54.12,-1.45855196615321,-0.494404028438277,-0.5
54.15,-1.44859343789582,-0.507501011418691,-0.5
54.18,-1.43827436187425,-0.520471665753874,-0.5
54.21,-1.42759352253307,-0.533311392900056,-0.5
54.24,-1.41654963782332,-0.546015479818442,-0.5
54.27,-1.40514135859543,-0.558579092170557,-0.5
54.3,-1.39336726798126,-0.570997267152223,-0.5
54.33,-1.38122588076973,-0.583264905937538,-0.5
54.36,-1.3687156427816,-0.595376765701858,-0.5
54.39,-1.35583493024953,-0.607327451190212,-0.5
54.42,-1.34258204921065,-0.619111405794753,-0.5
54.45,-1.32895523491981,-0.630722902101682,-0.5
54.48,-1.31495265129317,-0.642156031864664,-0.5
54.51,-1.30057239039292,-0.653404695357895,-0.5
54.54,-1.28581247196599,-0.664462590057808,-0.5
54.57,-1.2706708430511,-0.675323198597716,-0.5
54.6,-1.2551453776712,-0.685979775934541,-0.5
54.63,-1.23923387663045,-0.696425335661066,-0.5
54.66,-1.22293406743833,-0.706652635390806,-0.5
54.69,-1.20624360438656,-0.716654161135578,-0.5
54.72,-1.18916006880869,-0.726422110588009,-0.5
54.75,-1.17168096955694,-0.73594837521258,-0.5
54.78,-1.15380374373595,-0.745224521039097,-0.5
54.81,-1.13552575773971,-0.75424176804173,-0.5
54.84,-1.11684430864512,-0.762990967974749,-0.5
54.87,-1.09775662602395,-0.77146258052267,-0.5
54.9,-1.07825987424518,-0.779646647607547,-0.5
54.93,-1.05835115535116,-0.787532765679378,-0.5
54.96,-1.03802751260463,-0.79511005579685,-0.5
54.99,-1.01728593481961,-0.802367131284608,-0.5
55.02,-0.996123361607851,-0.80929206272969,-0.5
55.05,-0.974536689694817,-0.815872340053292,-0.5
55.08,-0.952522780484733,-0.822094831364382,-0.5
55.11,-0.930078469085478,-0.827945738268269,-0.5
55.14,-0.907200575040096,-0.833410547265804,-0.5
55.17,-0.88388591505505,-0.838473976836718,-0.5
55.2,-0.860131318066583,-0.843119919753261,-0.5
55.23,-0.835933643047683,-0.8473313801171,-0.5
55.26,-0.811289800031131,-0.851090404552653,-0.5
55.29,-0.786196774911453,-0.854378006923021,-0.5
55.32,-0.760651658693358,-0.857174085859585,-0.5
55.35,-0.734651681980208,-0.859457334312404,-0.5
55.38,-0.708194255647928,-0.861205140235099,-0.5
55.41,-0.68127701883319,-0.86239347741413,-0.5
55.44,-0.653897895586941,-0.862996785338052,-0.5
55.47,-0.626055161814197,-0.862987836877069,-0.5
55.5,-0.597747524449488,-0.862337592407734,-0.5
55.53,-0.568974215218225,-0.861015038873109,-0.5
55.56,-0.539735101824593,-0.858987012117922,-0.5
55.59,-0.510030820007846,-0.856218000686088,-0.5
55.62,-0.479862930647645,-0.852669929122176,-0.5
55.65,-0.449234107008809,-0.848301918691669,-0.5
55.68,-0.418148358337889,-0.843070023346317,-0.5
55.71,-0.386611297409978,-0.836926938739635,-0.5
55.74,-0.354630461337764,-0.82982168218719,-0.5
55.77,-0.322215697074202,-0.821699241730959,-0.5
55.8,-0.289379625659886,-0.812500193001419,-0.5
55.83,-0.25613820249897,-0.802160283513343,-0.5
55.86,-0.222511394923436,-0.790609985582863,-0.5
55.89,-0.188524003168615,-0.777774021505949,-0.5
55.92,-0.154206656778699,-0.76357086841292,-0.5
55.95,-0.119597025512811,-0.74791225591371,-0.5
55.98,-0.0847412920805967,-0.730702678134023,-0.5
56.01,-0.0496959433893205,-0.711838954224687,-0.5
56.04,-0.0145299469947856,-0.691209889587161,-0.5
56.07,0.0206726109250495,-0.668696116180188,-0.5
56.1,0.0558093426223357,-0.644170227348961,-0.5
56.13,0.0907557466970929,-0.617497374354329,-0.5
56.16,0.12536069533792,-0.588536562304021,-0.5
56.19,0.159441186826088,-0.557142976105085,-0.5
56.22,0.192776409891988,-0.523171783172886,-0.5
56.25,0.225101317493192,-0.486483992258667,-0.5
56.28,0.256100165430767,-0.44695507409408,-0.5
56.31,0.285400876980428,-0.404487116823883,-0.5
56.34,0.312571676435691,-0.359025196501598,-0.5
56.37,0.337122166185109,-0.310578226915956,-0.5
56.4,0.358511750494929,-0.259243601153668,-0.5
56.43,0.376168661640819,-0.205233273946369,-0.5
56.46,0.389522187940114,-0.148896629564175,-0.499999999999999
56.49,0.398048317664494,-0.0907331638344756,-0.5
56.52,0.401324637429537,-0.0313870574942143,-0.5
56.55,0.39908496918348,0.0283821440049362,-0.5
56.58,0.391260517722289,0.087752522588498,-0.5
56.61,0.377995312873035,0.145908026367173,-0.5
56.64,0.359630483286126,0.202107205166082,-0.5
56.67,0.336661642491088,0.255737136737513,-0.5
56.7,0.309681358082452,0.306342932191096,-0.5
56.73,0.279320730175046,0.35363173503697,-0.5
56.76,0.246200768247303,0.397457005862867,-0.5
56.79,0.210898542644728,0.437791727519464,-0.5
56.82,0.17392807110106,0.474698396286015,-0.5
56.85,0.135733025486383,0.508301114452597,-0.5
56.88,0.0966874979894108,0.538762427618978,-0.5
56.91,0.0571014583315406,0.566265588495731,-0.5
56.94,0.0172284027404979,0.591001813934952,-0.5
56.97,-0.0227264259641347,0.61316163605663,-0.5
57,-0.0625981749627052,0.632929372149026,-0.5
57.03,-0.10225532813183,0.65047984875323,-0.5
57.06,-0.141593623718471,0.665976688544923,-0.5
57.09,-0.180530940304031,0.67957164094331,-0.5
57.12,-0.219003067533979,0.691404583146503,-0.5
57.15,-0.256960246252787,0.701603931597002,-0.5
57.18,-0.294364357690039,0.710287287522799,-0.5
57.21,-0.331186649646304,0.717562199850702,-0.5
57.24,-0.367405901437458,0.723526970283904,-0.5
57.27,-0.403006944471006,0.728271453642576,-0.5
57.3,-0.437979469664943,0.731877825550478,-0.5
57.33,-0.472317065590334,0.734421302070882,-0.5
57.36,-0.506016441971998,0.735970803998957,-0.5
57.39,-0.539076802082498,0.736589563640513,-0.5
57.42,-0.571499334815688,0.736335675039902,-0.5
57.45,-0.603286803072906,0.735262590440243,-0.5
57.48,-0.634443209778922,0.73341956672541,-0.5
57.51,-0.664973526582692,0.730852066013558,-0.5
57.54,-0.694883473274765,0.727602114651737,-0.5
57.57,-0.724179338322025,0.72370862473631,-0.5
57.6,-0.752867832805912,0.719207682043173,-0.5
57.63,-0.780955971552353,0.714132803952699,-0.5
57.66,-0.808450976439992,0.708515170633138,-0.5
57.69,-0.835360197831016,0.702383832425325,-0.5
57.72,-0.861691050835952,0.695765896064142,-0.5
57.75,-0.887450963739428,0.688686692085545,-0.5
57.78,-0.91264733640925,0.681169925505363,-0.5
57.81,-0.937287506910644,0.673237811618614,-0.5
57.84,-0.961378724870507,0.664911198555164,-0.5
57.87,-0.984928130398344,0.656209678037941,-0.5
57.9,-1.00794273758326,0.647151685621769,-0.5
57.93,-1.03042942175972,0.637754591542314,-0.5
57.96,-1.05239490987611,0.628034783173607,-0.5
57.99,-1.0738457734162,0.618007739977298,-0.5
58.02,-1.09478842341815,0.607688101725296,-0.5
58.05,-1.11522910721426,0.597089730688312,-0.5
58.08,-1.13517390657845,0.586225768404347,-0.5
58.11,-1.15462873702206,0.575108687572275,-0.5
58.14,-1.17359934802196,0.563750339554983,-0.5
58.17,-1.19209132400163,0.552161997923164,-0.5
58.2,-1.21011008591604,0.540354398423825,-0.5
58.23,-1.22766089331601,0.528337775716124,-0.5
58.26,-1.24474884678894,0.516121897180555,-0.5
58.29,-1.26137889068982,0.503716094075173,-0.5
58.32,-1.27755581609142,0.49112929028399,-0.5
58.35,-1.29328426389418,0.478370028877337,-0.5
58.38,-1.30856872804691,0.465446496681575,-0.5
58.41,-1.32341355883766,0.452366547035611,-0.5
58.44,-1.33782296622129,0.439137720894009,-0.5
58.47,-1.35180102315624,0.425767266420722,-0.5
58.5,-1.36535166892801,0.412262157203472,-0.5
58.53,-1.378478712441,0.398629109206298,-0.5
58.56,-1.39118583546395,0.384874596566626,-0.5
58.59,-1.40347659581706,0.371004866333252,-0.5
58.62,-1.41535443049142,0.357025952232687,-0.5
58.65,-1.42682265869342,0.342943687543311,-0.5
58.68,-1.43788448480841,0.328763717149625,-0.5
58.71,-1.44854300127956,0.314491508842413,-0.5
58.74,-1.45880119139887,0.300132363924869,-0.5
58.77,-1.46866193200828,0.285691427179503,-0.5
58.8,-1.47812799610972,0.271173696245944,-0.5
58.83,-1.48720205538365,0.256584030455548,-0.5
58.86,-1.49588668261601,0.241927159164861,-0.5
58.89,-1.50418435403422,0.227207689626552,-0.5
58.92,-1.51209745155293,0.212430114433317,-0.5
58.95,-1.51962826493075,0.197598818567401,-0.5
58.98,-1.52677899383937,0.182718086085861,-0.5
59.01,-1.53355174984647,0.167792106469345,-0.5
59.04,-1.53994855831426,0.152824980660068,-0.5
59.07,-1.54597136021535,0.137820726812785,-0.5
59.1,-1.55162201386769,0.122783285780786,-0.5
59.13,-1.55690229659074,0.1077165263574,-0.5
59.16,-1.56181390628441,0.0926242502920641,-0.5
59.19,-1.56635846293293,0.0775101970987167,-0.5
59.22,-1.57053751003545,0.0623780486730911,-0.5
59.25,-1.5743525159652,0.0472314337344402,-0.5
59.28,-1.57780487525907,0.0320739321062413,-0.5
59.31,-1.58089590983939,0.0169090788495624,-0.5
59.34,-1.58362687016965,0.00174036826198059,-0.5
59.37,-1.58599893634576,-0.0134287422457718,-0.5
59.4,-1.58801321912466,-0.0285948283839,-0.5
59.43,-1.58967076089162,-0.0437544953174226,-0.5
59.46,-1.59097253656794,-0.0589043740893893,-0.5
59.49,-1.59191945446031,-0.0740411181234623,-0.5
59.52,-1.5925123570534,-0.0891613997962864,-0.5
59.55,-1.59275202174682,-0.104261907070432,-0.5
59.58,-1.5926391615379,-0.119339340179002,-0.5
59.61,-1.59217442565135,-0.134390408353267,-0.5
59.64,-1.59135840011699,-0.149411826584904,-0.5
59.67,-1.59019160829669,-0.164400312414604,-0.5
59.7,-1.58867451136155,-0.179352582738964,-0.5
59.73,-1.58680750872022,-0.194265350627656,-0.5
59.76,-1.58459093839948,-0.209135322142983,-0.5
59.79,-1.58202507737784,-0.223959193153896,-0.5
59.82,-1.57911014187307,-0.238733646136611,-0.5
59.85,-1.57584628758458,-0.25345534695387,-0.5
59.88,-1.57223360989126,-0.268120941604835,-0.5
59.91,-1.56827214400581,-0.282727052937488,-0.5
59.94,-1.56396186508611,-0.29727027731525,-0.5
59.97,-1.5593026883045,-0.311747181229352,-0.5
60,-1.55429446887564,-0.326154297848231,-0.5
60.03,-1.54893700204386,-0.340488123494994,-0.5
60.06,-1.54323002303043,-0.354745114043627,-0.5
60.09,-1.53717320694196,-0.368921681224299,-0.5
60.12,-1.53076616864038,-0.383014188827681,-0.5
60.15,-1.52400846257555,-0.397018948797727,-0.5
60.18,-1.51689958258133,-0.410932217201871,-0.5
60.21,-1.50943896163619,-0.424750190066986,-0.5
60.24,-1.50162597158929,-0.438468999068829,-0.5
60.27,-1.49345992285337,-0.452084707061962,-0.5
60.3,-1.4849400640656,-0.465593303436386,-0.5
60.33,-1.47606558171806,-0.478990699286218,-0.5
60.36,-1.46683559975926,-0.492272722374825,-0.5
60.39,-1.45724917916882,-0.505435111879746,-0.5
60.42,-1.44730531750716,-0.518473512899609,-0.5
60.45,-1.43700294844289,-0.531383470703957,-0.5
60.48,-1.42634094126037,-0.544160424705519,-0.5
60.51,-1.41531810035075,-0.556799702132923,-0.5
60.54,-1.4039331646901,-0.569296511380178,-0.5
60.57,-1.39218480730854,-0.581645935007382,-0.5
60.6,-1.38007163475535,-0.593842922365117,-0.5
60.63,-1.36759218656518,-0.605882281812712,-0.5
60.66,-1.35474493473184,-0.617758672498148,-0.5
60.69,-1.34152828319659,-0.629466595664628,-0.5
60.72,-1.32794056735917,-0.641000385445881,-0.5
60.75,-1.31398005362097,-0.652354199108983,-0.5
60.78,-1.29964493897116,-0.663522006699827,-0.5
60.81,-1.28493335062807,-0.674497580042409,-0.5
60.84,-1.26984334575031,-0.685274481038641,-0.5
60.87,-1.25437291123372,-0.69584604921052,-0.5
60.9,-1.23851996361337,-0.706205388421085,-0.5
60.93,-1.22228234909209,-0.716345352704553,-0.5
60.96,-1.20565784372069,-0.726258531129421,-0.5
60.99,-1.18864415375876,-0.735937231610874,-0.5
61.02,-1.1712389162492,-0.745373463580698,-0.5
61.05,-1.15343969984506,-0.754558919413696,-0.5
61.08,-1.13524400593295,-0.763484954499505,-0.5
61.11,-1.11664927010433,-0.772142565837329,-0.5
61.14,-1.09765286403418,-0.7805223690185,-0.5
61.17,-1.07825209783549,-0.788614573447673,-0.5
61.2,-1.05844422296969,-0.79640895563765,-0.5
61.23,-1.03822643580529,-0.803894830395256,-0.5
61.26,-1.01759588193235,-0.811061019695875,-0.5
61.29,-0.996549661358147,-0.817895819022196,-0.5
61.32,-0.975084834729734,-0.824386960917859,-0.5
61.35,-0.953198430753858,-0.8305215754789,-0.5
61.38,-0.930887455013262,-0.836286147474636,-0.5
61.41,-0.90814890041247,-0.841666469754553,-0.5
61.44,-0.88497975952644,-0.846647592558363,-0.5
61.47,-0.861377039173257,-0.851213768302125,-0.5
61.5,-0.837337777588923,-0.855348391363628,-0.5
61.53,-0.812859064650069,-0.859033932334413,-0.5
61.56,-0.787938065671397,-0.862251866143308,-0.5
61.59,-0.762572049401641,-0.864982593386191,-0.5
61.62,-0.736758420958238,-0.867205354118505,-0.5
61.65,-0.710494760580949,-0.868898133279713,-0.5
61.68,-0.68377886925362,-0.870037556822095,-0.5
61.71,-0.656608822447527,-0.870598777509323,-0.5
61.74,-0.628983033487365,-0.870555349233057,-0.5
61.77,-0.600900328341797,-0.869879088568578,-0.5
61.8,-0.572360034007053,-0.868539922154257,-0.5
61.83,-0.543362083099594,-0.866505718336664,-0.5
61.86,-0.513907137821749,-0.863742101377277,-0.5
61.89,-0.483996737136293,-0.860212246374668,-0.5
61.92,-0.45363347181214,-0.855876652928138,-0.5
61.95,-0.422821193020941,-0.850692895471349,-0.5
61.98,-0.391565261419579,-0.844615348161963,-0.5
62.01,-0.359872845203738,-0.837594882262491,-0.5
62.04,-0.327753277533249,-0.829578534142756,-0.5
62.07,-0.295218486096406,-0.820509142455607,-0.5
62.1,-0.26228351050076,-0.810324953801704,-0.5
62.13,-0.228967126772015,-0.798959197476502,-0.5
62.16,-0.195292602646126,-0.786339631929806,-0.5
62.19,-0.161288612695157,-0.772388068721535,-0.5
62.22,-0.126990348767071,-0.757019884538115,-0.5
62.25,-0.0924408688276992,-0.740143538972015,-0.5
62.28,-0.0576927360371327,-0.721660126294473,-0.5
62.31,-0.0228100094976645,-0.701463004809749,-0.5
62.34,0.0121293421594743,-0.679437569543588,-0.5
62.37,0.0470305248908774,-0.65546126561985,-0.5
62.4,0.0817784177496413,-0.629403984064763,-0.5
62.43,0.11623340843337,-0.601129042880571,-0.5
62.46,0.150226513454221,-0.570495037974749,-0.5
62.49,0.183553789288855,-0.537358953271105,-0.5
62.52,0.215970156229234,-0.501581044430683,-0.5
62.55,0.247182960721487,-0.463032141861405,-0.5
62.58,0.27684593442725,-0.421604119029868,-0.5
62.61,0.304554705729069,-0.377224265157605,-0.5
62.64,0.329845686878809,-0.329874053994366,-0.5
62.67,0.352200912983049,-0.279612119130811,-0.5
62.7,0.371061986420476,-0.226599923657096,-0.5
62.73,0.385856167050478,-0.171126573871503,-0.5
62.76,0.396036126520039,-0.113626808209921,-0.5
62.79,0.401131395194789,-0.0546844265309561,-0.5
62.82,0.400804408931715,0.00498602475924738,-0.5
