n,xn,fxn,absdx,dxratio,dxratiophi
0,3,5,NaN,NaN,NaN
1,2,1,1,NaN,NaN
2,1.75,0.3125,0.25,0.25,0.25
3,1.63636363636364,0.0413223140495871,0.113636363636364,0.454545454545455,1.07070753030033
4,1.61904761904762,0.00226757369614528,0.0173160173160174,0.152380952380954,0.584323128497044
5,1.61804222648752,1.84202091799701e-05,0.00100539256009512,0.0580614203454929,0.71217489065967
6,1.61803399248243,8.34620639267314e-09,8.23400509225523e-06,0.0081898408831235,0.58335632186594
7,1.61803398874991,3.08642000845794e-14,3.73252321269434e-09,0.000453305915028531,0.629095413563594
8,1.61803398874989,2.22044604925031e-16,1.38028899388736e-14,3.6980051167344e-06,0.598076046883193
